  numStations    runDownBat    travelDur    batteryDiff    waitingTime     bestLoss    numClosestStations    exponentialLambdaCities    endCityRatio    chargingTreshold    batteryTolerance
-------------  ------------  -----------  -------------  -------------  -----------  --------------------  -------------------------  --------------  ------------------  ------------------
          300        619119     115.981       -0.343711        191.448  6.19422e+07                     5                      0.01             1                    0.5                0.05
          300        619121      81.5202      -0.343131        196.741  6.19424e+07                     1                      0.1              1                    0.7                0.1
          300        620116      82.6783      -0.34399         201.119  6.20419e+07                     1                      0.1              1                    0.5                0.05
          300        620435     113.933       -0.342258        197.718  6.20738e+07                     1                      0.01           100                    0.7                0.05
          300        621104      83.5466      -0.344276        178.562  6.21407e+07                     5                      0.1              0.01                 0.5                0.05
          300        621297      81.5397      -0.343235        176.348  6.216e+07                       5                      0.1              0.01                 0.5                0.1
          300        621313      82.9436      -0.34477         180.688  6.21616e+07                     5                      0.1              0.01                 0.5                0
          300        621679      81.5181      -0.34452         177.603  6.21982e+07                     5                      0.1              1                    0.3                0.1
          300        621803      81.9427      -0.343878        203.841  6.22106e+07                     1                      0.1              0.01                 0.5                0.05
          300        622113      82.9964      -0.343541        195.739  6.22416e+07                     1                      0.1            100                    0.3                0.05
          300        622121     113.187       -0.345334        188.441  6.22424e+07                     5                      0.01             0.01                 0.7                0.1
          300        623176      82.3257      -0.34308         199.793  6.23479e+07                     1                      0.1              0.01                 0.7                0.05
          300        623634      82.6075      -0.343038        180.731  6.23937e+07                     5                      0.1            100                    0.5                0.05
          300        624184      84.0089      -0.342672        197.214  6.24487e+07                     1                      0.1              0.01                 0.5                0
          300        624209     115.877       -0.345927        181.275  6.24512e+07                     5                      0.01           100                    0.5                0.05
          300        624376     114.947       -0.344977        201.66   6.24679e+07                     1                      0.01             1                    0.5                0.05
          300        624722      82.6608      -0.342888        185.016  6.25025e+07                     5                      0.1              0.01                 0.3                0.05
          300        624737      82.4936      -0.342788        180.107  6.2504e+07                      5                      0.1              0.01                 0.7                0
          300        624759      83.3667      -0.342571        198.266  6.25062e+07                     1                      0.1              1                    0.3                0
          300        625189      83.5096      -0.342869        197.132  6.25492e+07                     1                      0.1            100                    0.3                0
          300        625652      81.4015      -0.343479        197.452  6.25955e+07                     1                      0.1              0.01                 0.7                0.1
          300        625757      81.6019      -0.343771        184.321  6.2606e+07                      5                      0.1            100                    0.3                0.1
          300        625947      81.9897      -0.343394        180.602  6.2625e+07                      5                      0.1              0.01                 0.7                0.1
          300        626026      82.0967      -0.342877        195.649  6.26329e+07                     1                      0.1              1                    0.5                0
          300        626296     116.637       -0.347067        206.191  6.26599e+07                     1                      0.01             1                    0.3                0.05
          300        626321      82.1235      -0.344351        180.138  6.26624e+07                     5                      0.1              1                    0.3                0.05
          300        626592     114.069       -0.344302        201.607  6.26895e+07                     1                      0.01             1                    0.7                0.1
          300        626608      83.5352      -0.344125        201.817  6.26911e+07                     1                      0.1            100                    0.7                0
          300        626651      82.151       -0.344313        201.275  6.26954e+07                     1                      0.1              1                    0.3                0.05
          300        626699     114.252       -0.348042        203.667  6.27002e+07                     1                      0.01             0.01                 0.3                0.05
          300        626910      83.7249      -0.343287        178.468  6.27213e+07                     5                      0.1              0.01                 0.3                0
          300        627238      82.2845      -0.343239        199.293  6.27541e+07                     1                      0.1            100                    0.7                0.05
          300        627290      80.9394      -0.344596        181.148  6.27593e+07                     5                      0.1              1                    0.5                0.1
          300        627413      83.3841      -0.343566        192.685  6.27716e+07                     1                      0.1              1                    0.7                0.05
          300        627840      96.5772      -0.342483        201.954  6.28143e+07                     1                      0.01             0.01                 0.7                0
          300        627897      82.6698      -0.342974        174.107  6.282e+07                       5                      0.1              1                    0.5                0.05
          300        628048     122.946       -0.347828        205.354  6.28351e+07                     1                      0.001            0.01                 0.7                0.05
          300        628136      84.0326      -0.343662        184.584  6.28439e+07                     5                      0.1            100                    0.3                0.05
          300        628295      82.4295      -0.344093        185.883  6.28598e+07                     5                      0.1              1                    0.7                0.05
          300        628305      82.9199      -0.343771        179.013  6.28608e+07                     5                      0.1              0.01                 0.7                0.05
          300        628837     114.915       -0.345915        190.743  6.2914e+07                      5                      0.001            1                    0.7                0.1
          300        628843     112.701       -0.347345        198.772  6.29146e+07                     1                      0.01           100                    0.7                0.1
          300        628897      81.221       -0.343166        203.854  6.292e+07                       1                      0.1            100                    0.5                0.1
          300        629009      83.0477      -0.342766        197.296  6.29312e+07                     1                      0.1              0.01                 0.3                0
          300        629327      82.0244      -0.343544        195.393  6.2963e+07                      1                      0.1              1                    0.5                0.1
          300        629426      81.2049      -0.345119        196.938  6.29729e+07                     1                      0.1              0.01                 0.3                0.1
          300        629462      80.999       -0.344814        180.291  6.29765e+07                     5                      0.1            100                    0.5                0.1
          300        629556      84.3799      -0.343412        198.995  6.29859e+07                     1                      0.1            100                    0.5                0
          300        629561     124.994       -0.348882        199.689  6.29864e+07                     1                      0.001          100                    0.3                0.05
          300        629659      84.0981      -0.342786        196.877  6.29962e+07                     1                      0.1              1                    0.7                0
          300        629737      81.5023      -0.344572        178.982  6.3004e+07                      5                      0.1              1                    0.7                0.1
          300        629773     112.86        -0.347447        189.245  6.30076e+07                     5                      0.01             0.01                 0.5                0.1
          300        630297     113.631       -0.346802        188.38   6.306e+07                       5                      0.01           100                    0.7                0
          300        630579     114.14        -0.35027         201.791  6.30882e+07                     1                      0.01             0.01                 0.5                0.05
          300        630637      83.546       -0.343161        184.791  6.3094e+07                      5                      0.1            100                    0.7                0
          300        630638     124.529       -0.351078        187.481  6.30941e+07                     5                      0.001          100                    0.5                0
          300        630772      82.3843      -0.342925        196.713  6.31075e+07                     1                      0.1              0.01                 0.3                0.05
          300        631108     120.846       -0.345127        200.278  6.31411e+07                     1                      0.001          100                    0.3                0.1
          300        631165      82.9683      -0.344386        186.74   6.31468e+07                     5                      0.1              1                    0.3                0
          300        631348     121.724       -0.347593        199.313  6.31651e+07                     1                      0.001            1                    0.3                0
          300        631415      80.6734      -0.344167        179.449  6.31718e+07                     5                      0.1            100                    0.7                0.1
          300        631442     127.781       -0.344035        191.073  6.31745e+07                     5                      0.001          100                    0.3                0
          300        631561      83.4788      -0.343566        179.51   6.31864e+07                     5                      0.1              1                    0.7                0
          300        631600      84.0231      -0.34266         175.409  6.31903e+07                    10                      0.1              0.01                 0.3                0
          300        631702     118.439       -0.34434         201.33   6.32005e+07                     1                      0.001            1                    0.7                0.1
          300        631773     113.905       -0.345409        183.355  6.32076e+07                     5                      0.01             1                    0.5                0
          300        632111     124.453       -0.345352        200.313  6.32414e+07                     1                      0.001            1                    0.7                0.05
          300        632189     114.835       -0.344303        204.681  6.32492e+07                     1                      0.01             1                    0.7                0.05
          300        632359     113.397       -0.346204        181.777  6.32662e+07                     5                      0.01             1                    0.7                0.1
          300        632411     122.357       -0.34562         181.539  6.32714e+07                     5                      0.001            1                    0.7                0.05
          300        632430      82.8968      -0.342709        178.484  6.32733e+07                     5                      0.1            100                    0.3                0
          300        632553     119.284       -0.347           200.856  6.32856e+07                     1                      0.001            0.01                 0.5                0.1
          300        632876     116.368       -0.34719         184.88   6.33179e+07                     5                      0.01             0.01                 0.3                0.05
          300        632919     119.98        -0.346219        188.643  6.33222e+07                     5                      0.001          100                    0.3                0.1
          300        633020     119.699       -0.346283        183.79   6.33323e+07                     5                      0.001          100                    0.5                0.05
          300        633027      82.6812      -0.344169        172.175  6.3333e+07                      5                      0.1            100                    0.7                0.05
          300        633116     115.127       -0.343434        180.4    6.33419e+07                     5                      0.01             0.01                 0.3                0
          300        633191     120.091       -0.346324        189.534  6.33494e+07                     5                      0.001            1                    0.3                0.05
          300        633271     120.333       -0.345229        186.944  6.33574e+07                     5                      0.001            1                    0.7                0
          300        633318      83.3514      -0.343038        177.694  6.33621e+07                     5                      0.1              1                    0.5                0
          300        633338     113.214       -0.345657        198.083  6.33641e+07                     1                      0.01             0.01                 0.3                0.1
          300        633494     124.336       -0.345328        198.806  6.33797e+07                     1                      0.001            1                    0.7                0
          300        634149      82.626       -0.343726        193.926  6.34452e+07                     1                      0.1              0.01                 0.7                0
          300        634367     111.716       -0.346953        201.449  6.3467e+07                      1                      0.01           100                    0.5                0.1
          300        634483      81.6335      -0.343649        179.711  6.34786e+07                     5                      0.1              0.01                 0.3                0.1
          300        634539     120.092       -0.342619        186.69   6.34842e+07                     5                      0.01             1                    0.7                0.05
          300        635110     113.92        -0.346653        182.274  6.35413e+07                     5                      0.01           100                    0.5                0.1
          300        635120     120.159       -0.346353        196.676  6.35423e+07                     1                      0.001            0.01                 0.7                0.1
          300        635334     125.88        -0.343855        201.671  6.35637e+07                     1                      0.001            1                    0.5                0
          300        635756      80.4667      -0.344057        199.267  6.36059e+07                     1                      0.1              0.01                 0.5                0.1
          300        636054     121.306       -0.345025        176.841  6.36357e+07                     5                      0.001          100                    0.7                0
          300        636266      82.2764      -0.34406         194.582  6.36569e+07                     1                      0.1            100                    0.3                0.1
          300        636392     111.071       -0.34691         186.893  6.36695e+07                     5                      0.01             1                    0.3                0.1
          300        636397      83.364       -0.343075        182.051  6.367e+07                       5                      0.1            100                    0.5                0
          300        636628     116.046       -0.344981        205.019  6.36931e+07                     1                      0.001            0.01                 0.3                0.1
          300        636845      81.1632      -0.343563        194.458  6.37148e+07                     1                      0.1            100                    0.7                0.1
          300        637199     123.437       -0.346963        201.577  6.37502e+07                     1                      0.001            1                    0.5                0.05
          300        637272     115.651       -0.348454        185.699  6.37575e+07                     5                      0.01             0.01                 0.5                0.05
          300        637649     123.573       -0.345977        207.974  6.37952e+07                     1                      0.001            0.01                 0.5                0
          300        637651      82.7541      -0.343117        191.808  6.37954e+07                     1                      0.1            100                    0.5                0.05
          300        638128     116.901       -0.345447        185.72   6.38431e+07                     5                      0.01           100                    0.7                0.1
          300        638410     123.028       -0.347648        182.196  6.38713e+07                     5                      0.001            1                    0.5                0
          300        638541      97.613       -0.346503        197.742  6.38844e+07                     1                      0.01           100                    0.5                0
          300        638791     114.174       -0.346559        187.048  6.39094e+07                     5                      0.01             0.01                 0.5                0
          300        638826     118.325       -0.339866        183.613  6.39129e+07                     5                      0.01             1                    0.3                0.05
          300        639016      81.74        -0.344221        198.462  6.39319e+07                     1                      0.1              1                    0.3                0.1
          300        639087     120.412       -0.343489        177.781  6.3939e+07                      5                      0.001          100                    0.7                0.05
          300        639213     112.258       -0.344559        184.802  6.39516e+07                     5                      0.01           100                    0.3                0.1
          300        639285      97.5834      -0.346456        191.735  6.39588e+07                     1                      0.01             0.01                 0.7                0.05
          300        639503     115.47        -0.344932        201.153  6.39806e+07                     1                      0.001          100                    0.7                0.1
          300        639614     114.172       -0.34402         208.754  6.39917e+07                     1                      0.01             1                    0.7                0
          300        639919     119.478       -0.345626        181.368  6.40222e+07                     5                      0.01           100                    0.3                0
          300        640186     111.522       -0.344218        198.116  6.40489e+07                     1                      0.01             1                    0.3                0.1
          300        640450     119.096       -0.348433        202.27   6.40753e+07                     1                      0.001          100                    0.5                0.1
          300        640674      83.882       -0.342627        169.099  6.40977e+07                    10                      0.1              0.01                 0.5                0
          300        640680     121.966       -0.347296        187.494  6.40983e+07                     5                      0.001            0.01                 0.7                0
          300        640830     120.858       -0.344405        198.59   6.41133e+07                     1                      0.001            0.01                 0.7                0
          300        640902     115.564       -0.345488        202.209  6.41205e+07                     1                      0.01           100                    0.7                0
          300        641097      97.6049      -0.340933        204.419  6.414e+07                       1                      0.01           100                    0.5                0.05
          300        641320     112.361       -0.344941        181.897  6.41623e+07                     5                      0.01           100                    0.5                0
          300        641324      81.5369      -0.345047        176.877  6.41627e+07                    10                      0.1              1                    0.5                0.1
          300        641454      98.8961      -0.346766        205.094  6.41757e+07                     1                      0.01           100                    0.3                0.1
          300        641522     109.394       -0.349301        188.115  6.41825e+07                     5                      0.01             0.01                 0.3                0.1
          300        641590     100.728       -0.348854        190.226  6.41893e+07                     5                      0.001            0.01                 0.7                0.05
          300        641610      81.4961      -0.344225        169.275  6.41913e+07                    10                      0.1              0.01                 0.3                0.1
          300        641659     118.519       -0.346751        202.803  6.41962e+07                     1                      0.001            0.01                 0.3                0.05
          300        641663     119.178       -0.343306        181.396  6.41966e+07                     5                      0.001            0.01                 0.7                0.1
          300        641678      81.6577      -0.343853        171.782  6.41981e+07                    10                      0.1              0.01                 0.7                0.1
          300        641784     118.266       -0.347128        196.703  6.42087e+07                     1                      0.01             1                    0.3                0
          300        641932     115.035       -0.345453        201.584  6.42235e+07                     1                      0.01             1                    0.5                0
          300        642185     115.711       -0.348077        188.926  6.42488e+07                     5                      0.01           100                    0.3                0.05
          300        642192     115.779       -0.347803        187.011  6.42495e+07                     5                      0.01             1                    0.7                0
          300        642204      83.3277      -0.342445        175.026  6.42507e+07                    10                      0.1              0.01                 0.7                0
          300        642380     118.829       -0.342912        202.691  6.42683e+07                     1                      0.01             0.01                 0.3                0
          300        642462     118.532       -0.349019        204.273  6.42765e+07                     1                      0.001            1                    0.5                0.1
          300        642618      99.6056      -0.347447        188.771  6.42921e+07                     5                      0.01             0.01                 0.7                0.05
          300        642865     121.616       -0.348535        180.731  6.43168e+07                     5                      0.001            0.01                 0.5                0.1
          300        643169     120.778       -0.348104        198.879  6.43472e+07                     1                      0.001          100                    0.7                0.05
          300        643275     118.494       -0.348152        184.604  6.43578e+07                     5                      0.001            1                    0.5                0.1
          300        643576     115.266       -0.343577        197.506  6.43879e+07                     1                      0.001          100                    0.5                0.05
          300        644078     123.71        -0.342525        203.505  6.44381e+07                     1                      0.001          100                    0.7                0
          300        644099     111.097       -0.344449        188.815  6.44402e+07                    10                      0.01             1                    0.3                0.1
          300        644151     121.782       -0.342001        203.826  6.44454e+07                     1                      0.001            0.01                 0.5                0.05
          300        644303      83.3972      -0.343165        171.414  6.44606e+07                    10                      0.1            100                    0.5                0.05
          300        644330     118.218       -0.347059        200.088  6.44633e+07                     1                      0.001          100                    0.3                0
          300        644526     120.865       -0.34551         198.091  6.44829e+07                     1                      0.001            1                    0.3                0.1
          300        644653      83.3501      -0.343022        176.448  6.44956e+07                    10                      0.1              1                    0.3                0
          300        644716     116.568       -0.343729        179.654  6.45019e+07                     5                      0.01             1                    0.3                0
          300        644930      83.5452      -0.343949        174.789  6.45233e+07                    10                      0.1              1                    0.5                0
          300        645733     117.845       -0.344672        203.77   6.46036e+07                     1                      0.01             0.01                 0.5                0
          300        646315      82.3285      -0.342942        167.164  6.46617e+07                    10                      0.1              0.01                 0.7                0.05
          300        646392     111.619       -0.346           179.767  6.46695e+07                     5                      0.01             1                    0.5                0.1
          300        646408      97.0144      -0.344613        204.969  6.46711e+07                     1                      0.01             0.01                 0.5                0.1
          300        646436      83.7463      -0.342518        175.519  6.46739e+07                    10                      0.1              1                    0.7                0
          300        646519     123.419       -0.34472         203.341  6.46822e+07                     1                      0.001            0.01                 0.3                0
          300        646794      83.5044      -0.343401        172.29   6.47097e+07                    10                      0.1            100                    0.7                0
          300        646979      81.1664      -0.344372        171.843  6.47282e+07                    10                      0.1            100                    0.7                0.1
          300        647003     120.524       -0.342902        187.568  6.47306e+07                     5                      0.001          100                    0.3                0.05
          300        647330     120.979       -0.346776        183.89   6.47633e+07                    10                      0.001            1                    0.3                0.1
          300        647393      83.608       -0.343358        173.704  6.47696e+07                    10                      0.1              1                    0.3                0.05
          300        647652      81.7014      -0.343448        174.242  6.47955e+07                    10                      0.1            100                    0.3                0.1
          300        647726     119.548       -0.342364        185.888  6.48029e+07                     5                      0.001          100                    0.5                0.1
          300        647985     102.972       -0.343455        181.131  6.48288e+07                     5                      0.001            1                    0.3                0
          300        648015     115.846       -0.347479        186.778  6.48318e+07                     5                      0.01           100                    0.7                0.05
          300        648098     117.884       -0.345857        205.748  6.48401e+07                     1                      0.01             1                    0.5                0.1
          300        648230      81.8932      -0.343392        170.62   6.48533e+07                    10                      0.1            100                    0.5                0.1
          300        648243      82.9565      -0.343818        177.205  6.48546e+07                    10                      0.1              1                    0.7                0.05
          300        648443     122.294       -0.345562        187.697  6.48746e+07                     5                      0.001          100                    0.7                0.1
          300        648445     114.694       -0.346322        179.041  6.48748e+07                    10                      0.01           100                    0.5                0.1
          300        648931      82.9778      -0.342294        177.257  6.49234e+07                    10                      0.1              0.01                 0.5                0.05
          300        649013     121.2         -0.341892        201.671  6.49316e+07                     1                      0.001          100                    0.5                0
          300        649655      82.4789      -0.342953        174.114  6.49958e+07                    10                      0.1            100                    0.7                0.05
          300        649793     124.323       -0.345841        179.773  6.50096e+07                    10                      0.001            1                    0.5                0.05
          300        649877     103.095       -0.348601        182.768  6.5018e+07                      5                      0.001            0.01                 0.5                0
          300        649896      80.8022      -0.344184        176.635  6.50199e+07                    10                      0.1              1                    0.7                0.1
          300        650052     111.366       -0.343599        182.555  6.50355e+07                    10                      0.01           100                    0.5                0.05
          300        650186     120.028       -0.34764         182.479  6.50489e+07                    10                      0.001            1                    0.7                0.05
          300        650346      81.7076      -0.34351         174.386  6.50649e+07                    10                      0.1              1                    0.3                0.1
          300        650633     121.701       -0.348493        199.037  6.50936e+07                     1                      0.001            1                    0.3                0.05
          300        650855      82.5067      -0.342956        171.991  6.51158e+07                    10                      0.1              1                    0.5                0.05
          300        651047     123.808       -0.349003        182.448  6.5135e+07                      5                      0.001            1                    0.5                0.05
          300        651108     114.623       -0.350614        183.76   6.51411e+07                    10                      0.01             0.01                 0.7                0.1
          300        651404     103.66        -0.341845        189.619  6.51707e+07                     5                      0.001            0.01                 0.3                0.05
          300        651777     101.453       -0.347501        188.372  6.5208e+07                      5                      0.001            0.01                 0.3                0.1
          300        652219      84.6211      -0.344246        169.219  6.52522e+07                    10                      0.1            100                    0.5                0
          300        652274     125.538       -0.345296        180.323  6.52577e+07                    10                      0.001            1                    0.5                0
          300        652601     122.395       -0.343338        182.111  6.52904e+07                    10                      0.001          100                    0.3                0
          300        652625     101.758       -0.345473        189.057  6.52928e+07                     5                      0.001            0.01                 0.5                0.05
          300        652838      99.28        -0.341236        201.625  6.53141e+07                     1                      0.01           100                    0.3                0
          300        652917     102.697       -0.342625        182.67   6.5322e+07                      5                      0.001            0.01                 0.3                0
          300        652992     114.189       -0.340749        176.355  6.53295e+07                    10                      0.01             0.01                 0.5                0.1
          300        653314      82.7392      -0.343447        171.951  6.53617e+07                    10                      0.1            100                    0.3                0.05
          300        653372      81.627       -0.344185        171.028  6.53675e+07                    10                      0.1              0.01                 0.5                0.1
          300        653408     124.973       -0.346209        182.013  6.53711e+07                    10                      0.001          100                    0.5                0
          300        653413      99.6725      -0.344404        179.332  6.53716e+07                     5                      0.01             0.01                 0.7                0
          300        653671     117.194       -0.348591        183.365  6.53974e+07                    10                      0.001            0.01                 0.5                0.1
          300        653694     123.195       -0.346109        183.975  6.53997e+07                    10                      0.001          100                    0.7                0.05
          300        654062     124.025       -0.346085        181.782  6.54365e+07                    10                      0.001            1                    0.7                0
          300        654160     119.425       -0.350828        186.711  6.54463e+07                    10                      0.001          100                    0.3                0.05
          300        654256     114.577       -0.346872        180.733  6.54559e+07                    10                      0.01             0.01                 0.3                0.05
          300        654679     121.843       -0.349831        176.623  6.54982e+07                    10                      0.001            1                    0.7                0.1
          300        654806      97.9789      -0.342829        205.757  6.55109e+07                     1                      0.01             0.01                 0.7                0.1
          300        655176     121.755       -0.345708        184.452  6.55479e+07                    10                      0.001          100                    0.5                0.05
          300        655514     117.769       -0.3406          180.333  6.55817e+07                    10                      0.01             1                    0.3                0
          300        655669     101.435       -0.344295        201.737  6.55972e+07                     1                      0.01           100                    0.3                0.05
          300        655867     114.26        -0.34923         179.099  6.5617e+07                     10                      0.01           100                    0.7                0.1
          300        656119      81.9193      -0.344262        174.185  6.56422e+07                    10                      0.1              0.01                 0.3                0.05
          300        656638     115.338       -0.344354        184.279  6.56941e+07                    10                      0.01             0.01                 0.7                0.05
          300        657109     114.739       -0.345422        180.411  6.57412e+07                    10                      0.01             1                    0.5                0.05
          300        657132     116.515       -0.346184        182.871  6.57435e+07                    10                      0.01           100                    0.3                0.05
          300        657292     117.62        -0.342202        180.245  6.57595e+07                    10                      0.01             0.01                 0.3                0
          300        657624     117.816       -0.342555        179.677  6.57927e+07                    10                      0.001            1                    0.5                0.1
          300        658093     124.042       -0.348897        177.077  6.58396e+07                    10                      0.001            1                    0.3                0.05
          300        658465     111.852       -0.346104        184.055  6.58768e+07                    10                      0.01             0.01                 0.3                0.1
          300        658480     102.787       -0.347931        185.663  6.58783e+07                     5                      0.001            1                    0.3                0.1
          300        658755      83.0311      -0.343823        163.11   6.59057e+07                    10                      0.1            100                    0.3                0
          300        658895     115.822       -0.346824        180.038  6.59198e+07                    10                      0.01           100                    0.7                0
          300        659206      98.8022      -0.345213        182.85   6.59509e+07                    10                      0.001            0.01                 0.3                0.05
          300        659256     114.989       -0.347008        179.815  6.59559e+07                    10                      0.01             1                    0.7                0.05
          300        659326     120.737       -0.34337         177.594  6.59629e+07                    10                      0.001          100                    0.5                0.1
          300        659945     117.251       -0.346928        181.468  6.60248e+07                    10                      0.01             0.01                 0.5                0.05
          300        660263     116.494       -0.342497        178.165  6.60566e+07                    10                      0.01             0.01                 0.5                0
          300        660790     123.871       -0.345643        181.347  6.61093e+07                    10                      0.001            0.01                 0.7                0
          300        660888     121.447       -0.344222        180.519  6.61191e+07                    10                      0.001          100                    0.7                0.1
          300        661079     110.785       -0.348014        181.611  6.61382e+07                    10                      0.01             1                    0.3                0.05
          300        661505     112.328       -0.344893        177.153  6.61808e+07                    10                      0.01           100                    0.3                0.1
          300        661518     123.443       -0.347291        177.184  6.61821e+07                    10                      0.001            0.01                 0.5                0.05
          300        661870     117.69        -0.349144        179.245  6.62173e+07                    10                      0.001            0.01                 0.7                0.1
          300        661951     121.122       -0.346311        175.603  6.62254e+07                    10                      0.001          100                    0.7                0
          300        662100     119.045       -0.344716        185.467  6.62403e+07                    10                      0.001          100                    0.3                0.1
          300        662427     116.489       -0.345589        177.189  6.6273e+07                     10                      0.01           100                    0.3                0
          300        662714     111.083       -0.346857        179.224  6.63017e+07                    10                      0.01             1                    0.7                0.1
          300        663039     118.615       -0.344064        180.324  6.63342e+07                    10                      0.01           100                    0.5                0
          300        663593     114.406       -0.345703        177.011  6.63896e+07                    10                      0.01             1                    0.5                0
          300        663648     116.415       -0.347892        183.567  6.63951e+07                    10                      0.001            0.01                 0.7                0.05
          300        664035     120.051       -0.343004        181.981  6.64338e+07                    10                      0.01             0.01                 0.7                0
          300        665616     121.595       -0.343271        184.027  6.65919e+07                    10                      0.001            1                    0.3                0
          300        665936     119.365       -0.344109        185.916  6.66239e+07                    10                      0.001            0.01                 0.5                0
          300        666470     111.094       -0.34719         176.552  6.66773e+07                    10                      0.01             1                    0.5                0.1
          300        668246     114.77        -0.345367        181.986  6.68549e+07                    10                      0.01           100                    0.7                0.05
          300        668439     119.754       -0.347032        184.733  6.68742e+07                    10                      0.01             1                    0.7                0
          300        671264     100.479       -0.346957        177.151  6.71567e+07                    10                      0.001            0.01                 0.3                0
          300        673360     101.898       -0.342345        178.244  6.73663e+07                    10                      0.001            0.01                 0.3                0.1
