  numStations    runDownBat    travelDur    batteryDiff    waitingTime     bestLoss    simulationTime    numClosestStations    carConsumption    exponentialLambdaCities    endCityRatio    chargingTreshold    batteryTolerance    carVelocity
-------------  ------------  -----------  -------------  -------------  -----------  ----------------  --------------------  ----------------  -------------------------  --------------  ------------------  ------------------  -------------
          300         51398      69.7719      -0.386674        95.3644  5.16996e+06               500                     3            0.0001                      0.01             1                    0.7                0.1               2
          300        103475     121.679       -0.397881       208.636   1.03778e+07              1000                     1            0.0001                      0.001          100                    0.5                0.1               2
          300        104095     119.532       -0.399122       205.071   1.04398e+07              1000                     1            0.0001                      0.001            1                    0.7                0                 2
          300        104736     118.752       -0.398463       209.128   1.05039e+07              1000                     1            0.0001                      0.001          100                    0.5                0                 2
          300        105731     117.18        -0.396698       205.294   1.06034e+07              1000                     1            0.0001                      0.001            1                    0.7                0.05              2
          300        105735     113.925       -0.395547       201.882   1.06038e+07              1000                     1            0.0001                      0.01           100                    0.5                0                 2
          300        106786     120.58        -0.392087       210.797   1.07089e+07              1000                     1            0.0001                      0.001          100                    0.3                0.1               2
          300        106831     120.747       -0.395094       204.169   1.07134e+07              1000                     1            0.0001                      0.001            0.1                  0.7                0                 2
          300        106842     120.381       -0.395904       206.691   1.07145e+07              1000                     1            0.0001                      0.001            0.1                  0.5                0.05              2
          300        106869     121.028       -0.395225       199.138   1.07172e+07              1000                     3            0.0001                      0.001            0.1                  0.5                0.05              2
          300        106956     117.074       -0.398667       197.671   1.07259e+07              1000                     1            0.0001                      0.001          100                    0.5                0.05              2
          300        107202     122.011       -0.394852       205.374   1.07505e+07              1000                     1            0.0001                      0.001          100                    0.7                0.1               2
          300        107512      91.4245      -0.383249       193.282   1.07815e+07              1000                     3            0.0001                      0.1              0.01                 0.5                0.05              2
          300        107565     120.405       -0.396159       206.948   1.07868e+07              1000                     1            0.0001                      0.01             0.01                 0.3                0.1               2
          300        107651     115.332       -0.392702       209.384   1.07954e+07              1000                     1            0.0001                      0.01           100                    0.7                0                 2
          300        107825     118.197       -0.39822        206.352   1.08128e+07              1000                     1            0.0001                      0.01             0.1                  0.3                0.1               2
          300        107867     127.146       -0.400081       210.15    1.0817e+07               1000                     1            0.0001                      0.001           10                    0.3                0.05              2
          300        107984      91.0942      -0.382728       185.111   1.08287e+07              1000                     3            0.0001                      0.1              0.01                 0.3                0.05              2
          300        108004      91.2453      -0.38386        186.393   1.08307e+07              1000                     3            0.0001                      0.1              0.1                  0.5                0                 2
          300        108061     116.997       -0.394102       199.986   1.08364e+07              1000                     1            0.0001                      0.001            1                    0.3                0.05              2
          300        108128     118.171       -0.401999       205.986   1.08431e+07              1000                     1            0.0001                      0.001          100                    0.3                0.05              2
          300        108343     116.19        -0.392397       205.335   1.08646e+07              1000                     1            0.0001                      0.001           10                    0.7                0.05              2
          300        108575     112.774       -0.392041       207.632   1.08878e+07              1000                     1            0.0001                      0.01           100                    0.5                0.1               2
          300        108628      92.3802      -0.382546       189.524   1.08931e+07              1000                     3            0.0001                      0.1              0.1                  0.3                0.05              2
          300        108637     116.335       -0.397127       207.636   1.0894e+07               1000                     1            0.0001                      0.001            1                    0.7                0.1               2
          300        108830      91.9221      -0.38356        191.239   1.09133e+07              1000                     3            0.0001                      0.1            100                    0.5                0                 2
          300        109123     119.911       -0.398106       199.69    1.09426e+07              1000                     1            0.0001                      0.001            0.01                 0.3                0.1               2
          300        109181     119.438       -0.39367        204.936   1.09484e+07              1000                     1            0.0001                      0.001            0.1                  0.3                0.1               2
          300        109183      90.9464      -0.382906       182.377   1.09486e+07              1000                     3            0.0001                      0.1             10                    0.7                0.1               2
          300        109329     117.855       -0.39604        199.154   1.09632e+07              1000                     1            0.0001                      0.01           100                    0.3                0.1               2
          300        109463     112.917       -0.394602       201.957   1.09766e+07              1000                     1            0.0001                      0.01           100                    0.3                0.05              2
          300        109465     116.794       -0.395002       205.404   1.09768e+07              1000                     1            0.0001                      0.001            1                    0.5                0                 2
          300        109500     121.735       -0.396966       204.29    1.09803e+07              1000                     1            0.0001                      0.001            0.01                 0.5                0.05              2
          300        109565     118.167       -0.398754       206.126   1.09868e+07              1000                     1            0.0001                      0.001            1                    0.5                0.05              2
          300        109592      91.1323      -0.383291       187.46    1.09895e+07              1000                     3            0.0001                      0.1              1                    0.5                0.05              2
          300        109832     115.587       -0.392191       206.618   1.10135e+07              1000                     1            0.0001                      0.01             0.1                  0.5                0.05              2
          300        109940     117.697       -0.393926       203.496   1.10243e+07              1000                     1            0.0001                      0.01             0.1                  0.3                0                 2
          300        110262     119.071       -0.396223       205.079   1.10565e+07              1000                     1            0.0001                      0.001           10                    0.7                0                 2
          300        110281     123.924       -0.39807        193.488   1.10584e+07              1000                     3            0.0001                      0.001            0.1                  0.3                0.1               2
          300        110544     115.922       -0.3935         207.853   1.10847e+07              1000                     1            0.0001                      0.001           10                    0.7                0.1               2
          300        110557      90.9145      -0.383972       183.946   1.1086e+07               1000                     3            0.0001                      0.1              0.1                  0.5                0.05              2
          300        110579     117.502       -0.396844       210.33    1.10882e+07              1000                     1            0.0001                      0.001            1                    0.3                0                 2
          300        110600     120.64        -0.395118       209.573   1.10903e+07              1000                     1            0.0001                      0.001            0.1                  0.5                0                 2
          300        110660     114.752       -0.395856       191.022   1.10963e+07              1000                     3            0.0001                      0.01            10                    0.3                0                 2
          300        110681     114.207       -0.392176       207.372   1.10984e+07              1000                     1            0.0001                      0.01           100                    0.5                0.05              2
          300        110877     118.433       -0.392561       206.506   1.1118e+07               1000                     1            0.0001                      0.001          100                    0.7                0                 2
          300        110918      91.3066      -0.383748       182.788   1.11221e+07              1000                     3            0.0001                      0.1              0.01                 0.3                0.1               2
          300        111054     120.106       -0.397538       200.416   1.11357e+07              1000                     1            0.0001                      0.001           10                    0.5                0.1               2
          300        111218     120.303       -0.393857       207.29    1.11521e+07              1000                     1            0.0001                      0.001            0.1                  0.5                0.1               2
          300        111323     119.349       -0.394163       206.592   1.11626e+07              1000                     1            0.0001                      0.001           10                    0.3                0.1               2
          300        111397     115.431       -0.394793       208.055   1.117e+07                1000                     1            0.0001                      0.01             0.01                 0.7                0                 2
          300        111429      91.5007      -0.383441       189.149   1.11732e+07              1000                     3            0.0001                      0.1              1                    0.7                0.1               2
          300        111484      91.6772      -0.383714       182.673   1.11787e+07              1000                     3            0.0001                      0.1              0.01                 0.5                0                 2
          300        111507      91.1682      -0.38378        191.344   1.1181e+07               1000                     3            0.0001                      0.1              1                    0.3                0.05              2
          300        111524     111.281       -0.39341        191.215   1.11827e+07              1000                     3            0.0001                      0.01           100                    0.3                0                 2
          300        111682     115.075       -0.393889       212.389   1.11985e+07              1000                     1            0.0001                      0.001          100                    0.3                0                 2
          300        111771      92.9376      -0.3836         188.457   1.12074e+07              1000                     3            0.0001                      0.1              0.1                  0.3                0                 2
          300        111893      91.4326      -0.383342       193.068   1.12196e+07              1000                     3            0.0001                      0.1              0.01                 0.5                0.1               2
          300        112142     118.223       -0.397758       205.341   1.12445e+07              1000                     1            0.0001                      0.01             0.1                  0.5                0                 2
          300        112246     113.278       -0.394553       201.961   1.12549e+07              1000                     1            0.0001                      0.01             0.01                 0.5                0                 2
          300        112422     119.409       -0.398194       195.255   1.12725e+07              1000                     3            0.0001                      0.001            0.1                  0.3                0.05              2
          300        112466     125.607       -0.398327       204.247   1.12769e+07              1000                     1            0.0001                      0.001            0.01                 0.7                0.1               2
          300        112497      91.2402      -0.383646       184.194   1.128e+07                1000                     3            0.0001                      0.1            100                    0.7                0.05              2
          300        112526     118.184       -0.39746        197.629   1.12829e+07              1000                     3            0.0001                      0.001            0.1                  0.3                0                 2
          300        112556      90.8726      -0.382579       189.481   1.12859e+07              1000                     3            0.0001                      0.1            100                    0.7                0                 2
          300        112573     113.691       -0.393083       210.681   1.12876e+07              1000                     1            0.0001                      0.01           100                    0.3                0                 2
          300        112573     116.537       -0.392193       195.349   1.12876e+07              1000                     3            0.0001                      0.01             1                    0.5                0                 2
          300        112642     114.155       -0.394825       205.267   1.12945e+07              1000                     1            0.0001                      0.01             0.01                 0.5                0.1               2
          300        112657     114.645       -0.394882       200.345   1.1296e+07               1000                     3            0.0001                      0.01           100                    0.5                0.05              2
          300        112673      91.7231      -0.383225       190.217   1.12976e+07              1000                     3            0.0001                      0.1            100                    0.5                0.05              2
          300        112721      90.8149      -0.383167       194.066   1.13024e+07              1000                     3            0.0001                      0.1              0.1                  0.5                0.1               2
          300        112786      91.5256      -0.383283       190.748   1.13089e+07              1000                     3            0.0001                      0.1              1                    0.3                0.1               2
          300        112806     118.191       -0.393522       189.5     1.13109e+07              1000                     3            0.0001                      0.01            10                    0.5                0.05              2
          300        112807      91.5757      -0.384146       191.966   1.1311e+07               1000                     3            0.0001                      0.1              1                    0.5                0                 2
          300        112915      91.9297      -0.383568       188.192   1.13218e+07              1000                     3            0.0001                      0.1             10                    0.5                0.05              2
          300        112989     116.226       -0.394701       204.424   1.13292e+07              1000                     1            0.0001                      0.001            0.1                  0.7                0.1               2
          300        113039     117.557       -0.393593       205.463   1.13342e+07              1000                     1            0.0001                      0.001            0.01                 0.7                0.05              2
          300        113057      90.7473      -0.383069       182.547   1.1336e+07               1000                     3            0.0001                      0.1            100                    0.3                0.05              2
          300        113137     114.331       -0.393943       204.798   1.1344e+07               1000                     1            0.0001                      0.01             0.1                  0.7                0                 2
          300        113162     117.229       -0.395777       196.209   1.13465e+07              1000                     3            0.0001                      0.01             1                    0.7                0.1               2
          300        113220      92.2404      -0.384239       176.353   1.13523e+07              1000                     3            0.0001                      0.1             10                    0.3                0.05              2
          300        113234     118.687       -0.397936       196.86    1.13537e+07              1000                     3            0.0001                      0.01             1                    0.7                0                 2
          300        113349     117.701       -0.403833       204.191   1.13652e+07              1000                     1            0.0001                      0.001           10                    0.5                0.05              2
          300        113361     120.2         -0.396145       189.385   1.13664e+07              1000                     3            0.0001                      0.01             1                    0.3                0.1               2
          300        113438     112.406       -0.389444       207.43    1.13741e+07              1000                     1            0.0001                      0.01             0.1                  0.5                0.1               2
          300        113453     118.513       -0.393529       213.245   1.13756e+07              1000                     1            0.0001                      0.001            1                    0.3                0.1               2
          300        113539     117.844       -0.396331       188.257   1.13842e+07              1000                     3            0.0001                      0.01             1                    0.5                0.05              2
          300        113723     117.213       -0.391939       197.04    1.14026e+07              1000                     3            0.0001                      0.01             1                    0.3                0.05              2
          300        113748      91.0529      -0.383554       193.746   1.14051e+07              1000                     3            0.0001                      0.1              1                    0.7                0.05              2
          300        113841     119.214       -0.397555       203.664   1.14144e+07              1000                     1            0.0001                      0.001            0.01                 0.3                0.05              2
          300        113968     117.923       -0.390152       190.248   1.14271e+07              1000                     3            0.0001                      0.01           100                    0.3                0.1               2
          300        113976     119.999       -0.396529       192.111   1.14279e+07              1000                     3            0.0001                      0.01             1                    0.7                0.05              2
          300        114050     115.02        -0.395609       206.638   1.14353e+07              1000                     1            0.0001                      0.01           100                    0.7                0.1               2
          300        114121     117.906       -0.395839       205.048   1.14424e+07              1000                     1            0.0001                      0.01             0.01                 0.7                0.05              2
          300        114189      90.6843      -0.382841       186.746   1.14492e+07              1000                     3            0.0001                      0.1             10                    0.3                0.1               2
          300        114204     114.498       -0.394103       193.858   1.14507e+07              1000                     3            0.0001                      0.01           100                    0.5                0                 2
          300        114226      92.7752      -0.383975       186.777   1.14529e+07              1000                     3            0.0001                      0.1            100                    0.5                0.1               2
          300        114263      91.0466      -0.383876       186.652   1.14566e+07              1000                     3            0.0001                      0.1              0.01                 0.7                0.05              2
          300        114285     118.581       -0.394658       207.001   1.14588e+07              1000                     1            0.0001                      0.001            0.01                 0.5                0.1               2
          300        114376      91.7565      -0.383155       181.737   1.14679e+07              1000                     3            0.0001                      0.1              1                    0.7                0                 2
          300        114506      91.7131      -0.383071       187.415   1.14809e+07              1000                     3            0.0001                      0.1              0.1                  0.7                0.05              2
          300        114588     114.861       -0.393058       210.991   1.14891e+07              1000                     1            0.0001                      0.01             0.01                 0.3                0                 2
          300        114931      91.2507      -0.383315       188.389   1.15234e+07              1000                     3            0.0001                      0.1             10                    0.5                0.1               2
          300        114988      91.7503      -0.384206       188.065   1.15291e+07              1000                     3            0.0001                      0.1              0.01                 0.3                0                 2
          300        115061     114.168       -0.392048       190.124   1.15364e+07              1000                     3            0.0001                      0.01           100                    0.7                0.05              2
          300        115247      91.1109      -0.383887       185.767   1.1555e+07               1000                     3            0.0001                      0.1            100                    0.3                0                 2
          300        115279     121.489       -0.396848       208.534   1.15582e+07              1000                     1            0.0001                      0.001            0.01                 0.5                0                 2
          300        115361     117.721       -0.400458       203.401   1.15664e+07              1000                     1            0.0001                      0.001            1                    0.5                0.1               2
          300        115371     114.399       -0.393577       205.949   1.15674e+07              1000                     1            0.0001                      0.01             0.1                  0.7                0.1               2
          300        115576      91.8103      -0.383655       183.693   1.15879e+07              1000                     3            0.0001                      0.1              1                    0.3                0                 2
          300        115804     112.75        -0.392535       206.145   1.16107e+07              1000                     1            0.0001                      0.01           100                    0.7                0.05              2
          300        115871     114.047       -0.393196       206.843   1.16174e+07              1000                     1            0.0001                      0.01             0.1                  0.7                0.05              2
          300        116318      92.1706      -0.383833       186.338   1.16621e+07              1000                     3            0.0001                      0.1             10                    0.5                0                 2
          300        116388     119.966       -0.392266       201.619   1.16691e+07              1000                     1            0.0001                      0.001            0.01                 0.7                0                 2
          300        116394     122.263       -0.398806       207.586   1.16697e+07              1000                     1            0.0001                      0.001            0.1                  0.3                0                 2
          300        116497      91.9412      -0.38275        182.778   1.168e+07                1000                     3            0.0001                      0.1              1                    0.5                0.1               2
          300        116620     124.01        -0.400217       207.579   1.16923e+07              1000                     1            0.0001                      0.001           10                    0.3                0                 2
          300        116760     114.803       -0.39498        192.988   1.17063e+07              1000                     3            0.0001                      0.01           100                    0.7                0.1               2
          300        116912      90.2229      -0.381977       187.321   1.17215e+07              1000                     3            0.0001                      0.1            100                    0.7                0.1               2
          300        117041      91.9923      -0.382967       182.118   1.17344e+07              1000                     3            0.0001                      0.1              0.01                 0.7                0                 2
          300        117049     118.87        -0.40084        202.905   1.17352e+07              1000                     1            0.0001                      0.01             0.01                 0.5                0.05              2
          300        117078     117.511       -0.398013       208.881   1.17381e+07              1000                     1            0.0001                      0.001            0.01                 0.3                0                 2
          300        117236     114.904       -0.392606       204.328   1.17539e+07              1000                     1            0.0001                      0.01             0.01                 0.3                0.05              2
          300        117276     119.501       -0.396239       206.735   1.17579e+07              1000                     1            0.0001                      0.001            0.1                  0.7                0.05              2
          300        117505     114.25        -0.39294        197.958   1.17808e+07              1000                     3            0.0001                      0.01             1                    0.5                0.1               2
          300        117519     117.86        -0.395246       189.587   1.17822e+07              1000                     3            0.0001                      0.001            0.1                  0.7                0.05              2
          300        117682     114.246       -0.390734       205.71    1.17985e+07              1000                     1            0.0001                      0.01             0.1                  0.3                0.05              2
          300        117727      90.3102      -0.381305       182.393   1.1803e+07               1000                     3            0.0001                      0.1              0.1                  0.7                0                 2
          300        117793     115.682       -0.394064       186.464   1.18096e+07              1000                     3            0.0001                      0.01           100                    0.5                0.1               2
          300        117859     119.345       -0.394944       198.921   1.18162e+07              1000                     1            0.0001                      0.001          100                    0.7                0.05              2
          300        117948     116.586       -0.393455       194.188   1.18251e+07              1000                     3            0.0001                      0.01           100                    0.7                0                 2
          300        117951     120.75        -0.397371       194.512   1.18254e+07              1000                     3            0.0001                      0.001            0.1                  0.5                0.1               2
          300        118028     115.728       -0.395329       209.824   1.18331e+07              1000                     1            0.0001                      0.01             0.01                 0.7                0.1               2
          300        118074      91.5627      -0.384506       185.141   1.18377e+07              1000                     3            0.0001                      0.1             10                    0.3                0                 2
          300        118086      90.899       -0.383398       189.489   1.18389e+07              1000                     3            0.0001                      0.1              0.1                  0.7                0.1               2
          300        118121     122.041       -0.396116       192.425   1.18424e+07              1000                     3            0.0001                      0.001            0.1                  0.5                0                 2
          300        118131     119.459       -0.394254       204.469   1.18434e+07              1000                     1            0.0001                      0.001            0.1                  0.3                0.05              2
          300        118610      91.4857      -0.382981       187.838   1.18913e+07              1000                     3            0.0001                      0.1              0.01                 0.7                0.1               2
          300        118827     115.017       -0.388433       193.082   1.1913e+07               1000                     3            0.0001                      0.01            10                    0.3                0.05              2
          300        118847      90.7954      -0.38344        180.201   1.1915e+07               1000                     3            0.0001                      0.1            100                    0.3                0.1               2
          300        119038     113.889       -0.394186       190.747   1.19341e+07              1000                     3            0.0001                      0.01             1                    0.3                0                 2
          300        119077     114.489       -0.391364       191.791   1.1938e+07               1000                     3            0.0001                      0.01            10                    0.7                0.1               2
          300        119125     114.398       -0.390404       190.018   1.19428e+07              1000                     3            0.0001                      0.01            10                    0.7                0                 2
          300        119286      91.568       -0.383431       182.396   1.19589e+07              1000                     3            0.0001                      0.1              0.1                  0.3                0.1               2
          300        119851     117.772       -0.397063       192.457   1.20154e+07              1000                     3            0.0001                      0.01            10                    0.7                0.05              2
          300        120853     114.642       -0.392934       195.856   1.21156e+07              1000                     3            0.0001                      0.01            10                    0.5                0.1               2
          300        121088     116.116       -0.397516       203.387   1.21391e+07              1000                     1            0.0001                      0.001           10                    0.5                0                 2
          300        122008     115.4         -0.391419       195.734   1.22311e+07              1000                     3            0.0001                      0.01            10                    0.5                0                 2
          300        122467     115.105       -0.391313       189.904   1.2277e+07               1000                     3            0.0001                      0.01            10                    0.3                0.1               2
          300        203473     105.97        -0.381879       185.232   2.03776e+07              1000                     3            0.0001                      0.1            100                    0.5                0.05              1
          300        204130     105.81        -0.38226        184.586   2.04433e+07              1000                     3            0.0001                      0.1              1                    0.5                0.05              1
          300        204702     136.638       -0.391782       196.552   2.05005e+07              1000                     1            0.0001                      0.001          100                    0.3                0.05              1
          300        205180     135.624       -0.389918       203.999   2.05483e+07              1000                     1            0.0001                      0.001            0.1                  0.5                0.05              1
          300        205677     140.436       -0.392327       201.203   2.0598e+07               1000                     1            0.0001                      0.001            0.1                  0.5                0.1               1
          300        205937     141.398       -0.39648        205.027   2.0624e+07               1000                     1            0.0001                      0.001            0.01                 0.3                0.1               1
          300        206634     105.281       -0.381525       184.661   2.06937e+07              1000                     3            0.0001                      0.1             10                    0.3                0                 1
          300        206841     135.711       -0.388018       201.141   2.07144e+07              1000                     1            0.0001                      0.001          100                    0.5                0.05              1
          300        207335     135.849       -0.387946       204.869   2.07638e+07              1000                     1            0.0001                      0.001            1                    0.3                0.05              1
          300        207658     131.442       -0.388438       201.559   2.07961e+07              1000                     1            0.0001                      0.01           100                    0.3                0.05              1
          300        208042     137.092       -0.393193       203.202   2.08345e+07              1000                     1            0.0001                      0.001            0.01                 0.5                0                 1
          300        208523     137.15        -0.393645       199.82    2.08826e+07              1000                     1            0.0001                      0.001          100                    0.3                0                 1
          300        208573     133.04        -0.394497       207.172   2.08876e+07              1000                     1            0.0001                      0.001            1                    0.5                0                 1
          300        208661     105.047       -0.38241        188.455   2.08964e+07              1000                     3            0.0001                      0.1              0.1                  0.7                0                 1
          300        209040     105.834       -0.382901       187.416   2.09343e+07              1000                     3            0.0001                      0.1              0.01                 0.5                0.1               1
          300        209349     141.089       -0.394257       206.582   2.09652e+07              1000                     1            0.0001                      0.001            1                    0.7                0                 1
          300        209385     105.667       -0.382526       184.807   2.09688e+07              1000                     3            0.0001                      0.1              0.1                  0.3                0.05              1
          300        209563     133.28        -0.391105       207.321   2.09866e+07              1000                     1            0.0001                      0.01           100                    0.5                0.1               1
          300        209695     129.94        -0.391735       202.032   2.09998e+07              1000                     1            0.0001                      0.001          100                    0.5                0.1               1
          300        209834     105.254       -0.382802       184.661   2.10137e+07              1000                     3            0.0001                      0.1            100                    0.7                0                 1
          300        209843     138.639       -0.392098       202.713   2.10146e+07              1000                     1            0.0001                      0.001            0.01                 0.3                0                 1
          300        210175     134.107       -0.391855       197.009   2.10478e+07              1000                     1            0.0001                      0.01             0.1                  0.7                0                 1
          300        210355     128.945       -0.386327       199.769   2.10658e+07              1000                     1            0.0001                      0.01             0.1                  0.3                0.1               1
          300        210635     140.466       -0.395696       200.78    2.10938e+07              1000                     1            0.0001                      0.001            1                    0.3                0.1               1
          300        210646     131.845       -0.393926       193.445   2.10949e+07              1000                     3            0.0001                      0.01           100                    0.5                0                 1
          300        210663     135.231       -0.395471       203.368   2.10966e+07              1000                     1            0.0001                      0.001            0.1                  0.7                0                 1
          300        210682     130.521       -0.389522       202.047   2.10985e+07              1000                     1            0.0001                      0.01             0.01                 0.7                0                 1
          300        210783     106.835       -0.383743       181.797   2.11086e+07              1000                     3            0.0001                      0.1              0.01                 0.5                0                 1
          300        211113     105.34        -0.38249        184.153   2.11416e+07              1000                     3            0.0001                      0.1             10                    0.5                0.1               1
          300        211264     128.724       -0.393912       198.183   2.11567e+07              1000                     1            0.0001                      0.01           100                    0.7                0.05              1
          300        211329     105.487       -0.382871       183.667   2.11632e+07              1000                     3            0.0001                      0.1              0.1                  0.7                0.05              1
          300        211450     105.742       -0.383335       183.798   2.11753e+07              1000                     3            0.0001                      0.1              1                    0.3                0.05              1
          300        211609     106.105       -0.383769       182.017   2.11912e+07              1000                     3            0.0001                      0.1              0.01                 0.3                0.05              1
          300        211754     130.467       -0.390968       191.506   2.12057e+07              1000                     3            0.0001                      0.01            10                    0.7                0                 1
          300        211801     134.861       -0.391675       201.336   2.12104e+07              1000                     1            0.0001                      0.001            1                    0.5                0.1               1
          300        211897     131.758       -0.391809       188.676   2.122e+07                1000                     3            0.0001                      0.01             1                    0.3                0                 1
          300        211993     106.09        -0.382938       186.268   2.12296e+07              1000                     3            0.0001                      0.1              1                    0.5                0.1               1
          300        212045     132.403       -0.389644       202.24    2.12348e+07              1000                     1            0.0001                      0.001           10                    0.7                0.1               1
          300        212065     106.096       -0.383789       190.502   2.12368e+07              1000                     3            0.0001                      0.1              0.01                 0.5                0.05              1
          300        212156     105.82        -0.38273        182.901   2.12459e+07              1000                     3            0.0001                      0.1              0.01                 0.7                0.1               1
          300        212185     136.57        -0.391374       196.528   2.12488e+07              1000                     1            0.0001                      0.001           10                    0.3                0.1               1
          300        212318     106.159       -0.384203       185.617   2.12621e+07              1000                     3            0.0001                      0.1            100                    0.5                0                 1
          300        212480     106.24        -0.384173       190.16    2.12783e+07              1000                     3            0.0001                      0.1              0.1                  0.3                0                 1
          300        212571     135.52        -0.389717       198.892   2.12874e+07              1000                     1            0.0001                      0.001           10                    0.5                0                 1
          300        212591     136.853       -0.393609       205.532   2.12894e+07              1000                     1            0.0001                      0.001            1                    0.5                0.05              1
          300        212779     104.848       -0.382055       183.197   2.13082e+07              1000                     3            0.0001                      0.1              0.1                  0.3                0.1               1
          300        212812     131.182       -0.390763       198.538   2.13115e+07              1000                     1            0.0001                      0.01             0.01                 0.3                0                 1
          300        212914     131.18        -0.394249       198.891   2.13217e+07              1000                     1            0.0001                      0.01             0.01                 0.3                0.1               1
          300        212945     107.05        -0.383693       179.876   2.13248e+07              1000                     3            0.0001                      0.1             10                    0.3                0.05              1
          300        213034     131.694       -0.394056       191.202   2.13337e+07              1000                     3            0.0001                      0.01           100                    0.7                0.1               1
          300        213052     140.93        -0.394413       190.871   2.13355e+07              1000                     3            0.0001                      0.001            0.1                  0.5                0.1               1
          300        213153     131.664       -0.393589       200.345   2.13456e+07              1000                     1            0.0001                      0.001            0.1                  0.7                0.1               1
          300        213430     105.959       -0.383288       179.185   2.13733e+07              1000                     3            0.0001                      0.1              0.1                  0.5                0.1               1
          300        213502     107.306       -0.382161       189.748   2.13805e+07              1000                     3            0.0001                      0.1              0.1                  0.5                0                 1
          300        213516     105.693       -0.382211       186.833   2.13819e+07              1000                     3            0.0001                      0.1              1                    0.7                0.1               1
          300        213529     133.062       -0.387311       199.699   2.13832e+07              1000                     1            0.0001                      0.01           100                    0.7                0.1               1
          300        213701     139.708       -0.390036       193.73    2.14004e+07              1000                     1            0.0001                      0.001          100                    0.5                0                 1
          300        213754     135.865       -0.388644       200.654   2.14057e+07              1000                     1            0.0001                      0.001            0.01                 0.5                0.1               1
          300        213927     105.789       -0.382797       182.844   2.1423e+07               1000                     3            0.0001                      0.1             10                    0.7                0.05              1
          300        213933     129.543       -0.391954       186.789   2.14236e+07              1000                     3            0.0001                      0.01           100                    0.7                0                 1
          300        213952     105.326       -0.382357       180.225   2.14255e+07              1000                     3            0.0001                      0.1              1                    0.5                0                 1
          300        214027     136.107       -0.391823       190.835   2.1433e+07               1000                     3            0.0001                      0.01             1                    0.3                0.05              1
          300        214271     130.926       -0.388429       206.833   2.14574e+07              1000                     1            0.0001                      0.01           100                    0.5                0.05              1
          300        214297     105.928       -0.382529       188.517   2.146e+07                1000                     3            0.0001                      0.1              0.01                 0.7                0                 1
          300        214309     142.31        -0.394308       208.482   2.14613e+07              1000                     1            0.0001                      0.001          100                    0.7                0.05              1
          300        214346     106.041       -0.382344       179.521   2.14649e+07              1000                     3            0.0001                      0.1             10                    0.5                0.05              1
          300        214477     132.1         -0.392885       197.118   2.1478e+07               1000                     1            0.0001                      0.001            0.01                 0.7                0.05              1
          300        214491     105.717       -0.382772       188.011   2.14794e+07              1000                     3            0.0001                      0.1             10                    0.7                0.1               1
          300        214587     105.469       -0.383504       180.8     2.1489e+07               1000                     3            0.0001                      0.1              0.1                  0.7                0.1               1
          300        214662     137.125       -0.388817       203.775   2.14965e+07              1000                     1            0.0001                      0.001            1                    0.3                0                 1
          300        214794     105.955       -0.382952       185.541   2.15097e+07              1000                     3            0.0001                      0.1             10                    0.3                0.1               1
          300        215021     105.808       -0.383781       182.632   2.15324e+07              1000                     3            0.0001                      0.1            100                    0.5                0.1               1
          300        215190     105.507       -0.3824         178.632   2.15493e+07              1000                     3            0.0001                      0.1            100                    0.3                0.05              1
          300        215201     134.666       -0.394029       198.723   2.15504e+07              1000                     1            0.0001                      0.001            0.1                  0.7                0.05              1
          300        215223     129.756       -0.393663       187.221   2.15526e+07              1000                     3            0.0001                      0.01            10                    0.5                0.1               1
          300        215280     129.822       -0.394462       203.321   2.15583e+07              1000                     1            0.0001                      0.01           100                    0.3                0                 1
          300        215322     135.81        -0.396967       200.231   2.15625e+07              1000                     1            0.0001                      0.001            0.01                 0.5                0.05              1
          300        215497     137.281       -0.391946       204.069   2.158e+07                1000                     1            0.0001                      0.001            1                    0.7                0.1               1
          300        215562     130.152       -0.393955       189.323   2.15865e+07              1000                     3            0.0001                      0.01            10                    0.7                0.05              1
          300        215632     132.495       -0.388533       185.955   2.15935e+07              1000                     3            0.0001                      0.01            10                    0.3                0.05              1
          300        215653     133.074       -0.38713        195.757   2.15956e+07              1000                     1            0.0001                      0.01             0.01                 0.7                0.05              1
          300        215698     140.878       -0.394191       195.488   2.16001e+07              1000                     1            0.0001                      0.001          100                    0.3                0.1               1
          300        215704     129.328       -0.389368       199.224   2.16007e+07              1000                     1            0.0001                      0.01             0.1                  0.5                0.05              1
          300        215892     132.968       -0.39409        193.65    2.16195e+07              1000                     3            0.0001                      0.01             1                    0.5                0.05              1
          300        215927     106.284       -0.383706       181.636   2.1623e+07               1000                     3            0.0001                      0.1              0.01                 0.3                0                 1
          300        215930     105.07        -0.382241       183.846   2.16233e+07              1000                     3            0.0001                      0.1              0.01                 0.3                0.1               1
          300        216022     129.162       -0.392858       202.679   2.16325e+07              1000                     1            0.0001                      0.01             0.01                 0.5                0.05              1
          300        216074     128.729       -0.389887       203.07    2.16377e+07              1000                     1            0.0001                      0.01             0.1                  0.3                0                 1
          300        216263     140.853       -0.391241       192.368   2.16566e+07              1000                     1            0.0001                      0.001            0.01                 0.7                0.1               1
          300        216275     105.913       -0.382902       185.426   2.16578e+07              1000                     3            0.0001                      0.1            100                    0.7                0.1               1
          300        216287     128.588       -0.392372       187.231   2.1659e+07               1000                     3            0.0001                      0.01           100                    0.5                0.1               1
          300        216354     137.931       -0.390711       202.572   2.16657e+07              1000                     1            0.0001                      0.01             0.1                  0.7                0.1               1
          300        216402     137.062       -0.395397       202.365   2.16705e+07              1000                     1            0.0001                      0.001            0.1                  0.3                0.05              1
          300        216610     131.964       -0.389511       196.989   2.16913e+07              1000                     1            0.0001                      0.01           100                    0.3                0.1               1
          300        216669     133.158       -0.388752       189.511   2.16972e+07              1000                     3            0.0001                      0.01            10                    0.7                0.1               1
          300        216681     135.922       -0.397468       190.229   2.16984e+07              1000                     3            0.0001                      0.001            0.1                  0.3                0.1               1
          300        216739     128.192       -0.389136       187.031   2.17042e+07              1000                     3            0.0001                      0.01            10                    0.5                0                 1
          300        217031     107.126       -0.382985       182.88    2.17334e+07              1000                     3            0.0001                      0.1            100                    0.3                0                 1
          300        217137     133.188       -0.390619       196.533   2.1744e+07               1000                     1            0.0001                      0.01           100                    0.7                0                 1
          300        217178     129.135       -0.389564       204.029   2.17481e+07              1000                     1            0.0001                      0.01             0.1                  0.5                0.1               1
          300        217187     129.633       -0.39062        193.62    2.1749e+07               1000                     3            0.0001                      0.01           100                    0.3                0                 1
          300        217227     136.929       -0.388863       209.002   2.1753e+07               1000                     1            0.0001                      0.001           10                    0.7                0.05              1
          300        217303     135.859       -0.39616        189.531   2.17606e+07              1000                     3            0.0001                      0.001            0.1                  0.7                0.05              1
          300        217311     106.792       -0.384369       182.537   2.17614e+07              1000                     3            0.0001                      0.1            100                    0.3                0.1               1
          300        217335     132.544       -0.391809       198.275   2.17638e+07              1000                     1            0.0001                      0.001            0.1                  0.3                0.1               1
          300        217387     105.106       -0.38217        181.011   2.1769e+07               1000                     3            0.0001                      0.1             10                    0.5                0                 1
          300        217410     136.116       -0.389718       194.663   2.17713e+07              1000                     3            0.0001                      0.001            0.1                  0.5                0                 1
          300        217435     106.218       -0.382294       179.771   2.17738e+07              1000                     3            0.0001                      0.1            100                    0.7                0.05              1
          300        217874     131.382       -0.3893         200.534   2.18177e+07              1000                     1            0.0001                      0.01             0.1                  0.3                0.05              1
          300        218088     130.468       -0.393681       191.649   2.18391e+07              1000                     3            0.0001                      0.001            0.1                  0.5                0.05              1
          300        218121     136.618       -0.396316       200.111   2.18424e+07              1000                     1            0.0001                      0.001            0.01                 0.3                0.05              1
          300        218186     136.122       -0.393442       193.933   2.18489e+07              1000                     1            0.0001                      0.001           10                    0.5                0.1               1
          300        218218     138.246       -0.394442       202.404   2.18521e+07              1000                     1            0.0001                      0.001           10                    0.3                0                 1
          300        218355     130.56        -0.392981       198.541   2.18658e+07              1000                     1            0.0001                      0.001           10                    0.7                0                 1
          300        218414     132.478       -0.395395       188.726   2.18717e+07              1000                     3            0.0001                      0.01           100                    0.5                0.05              1
          300        218445     135.822       -0.390042       202.062   2.18748e+07              1000                     1            0.0001                      0.001            0.1                  0.3                0                 1
          300        218578     105.34        -0.382312       183.6     2.18881e+07              1000                     3            0.0001                      0.1              1                    0.7                0.05              1
          300        218642     105.178       -0.383278       182.536   2.18945e+07              1000                     3            0.0001                      0.1              0.01                 0.7                0.05              1
          300        218676     105.736       -0.382841       182.676   2.18979e+07              1000                     3            0.0001                      0.1              1                    0.3                0.1               1
          300        218994     131.757       -0.390325       188.383   2.19297e+07              1000                     3            0.0001                      0.01             1                    0.7                0.05              1
          300        219112     135.04        -0.391599       188.907   2.19415e+07              1000                     3            0.0001                      0.01             1                    0.5                0.1               1
          300        219169     130.335       -0.391288       200.648   2.19472e+07              1000                     1            0.0001                      0.001           10                    0.5                0.05              1
          300        219234     106.054       -0.383591       185.634   2.19537e+07              1000                     3            0.0001                      0.1              0.1                  0.5                0.05              1
          300        219290     134.134       -0.390881       199.545   2.19593e+07              1000                     1            0.0001                      0.01             0.1                  0.5                0                 1
          300        219321     131.376       -0.391631       181.848   2.19624e+07              1000                     3            0.0001                      0.01             1                    0.7                0                 1
          300        219432     134.334       -0.38791        199.734   2.19735e+07              1000                     1            0.0001                      0.001          100                    0.7                0.1               1
          300        219505     132.37        -0.394962       203.643   2.19808e+07              1000                     1            0.0001                      0.01             0.01                 0.7                0.1               1
          300        219507     136.935       -0.392274       202.314   2.1981e+07               1000                     1            0.0001                      0.01             0.01                 0.3                0.05              1
          300        219524     135.259       -0.391677       203.492   2.19827e+07              1000                     1            0.0001                      0.001          100                    0.7                0                 1
          300        219601     131.369       -0.390546       190.796   2.19904e+07              1000                     3            0.0001                      0.01            10                    0.5                0.05              1
          300        219631     106.149       -0.382483       181.095   2.19934e+07              1000                     3            0.0001                      0.1              1                    0.3                0                 1
          300        219848     135.078       -0.38752        188.751   2.20151e+07              1000                     3            0.0001                      0.01             1                    0.7                0.1               1
          300        220150     129.47        -0.390269       185.266   2.20453e+07              1000                     3            0.0001                      0.01            10                    0.3                0.1               1
          300        220155     135.599       -0.395118       205.55    2.20458e+07              1000                     1            0.0001                      0.001            0.1                  0.5                0                 1
          300        220561     129.581       -0.388826       203.878   2.20864e+07              1000                     1            0.0001                      0.01             0.01                 0.5                0                 1
          300        220912     141.631       -0.392144       200.786   2.21215e+07              1000                     1            0.0001                      0.001            1                    0.7                0.05              1
          300        221079     133.206       -0.395484       200.449   2.21382e+07              1000                     1            0.0001                      0.01             0.1                  0.7                0.05              1
          300        221188     133.941       -0.392595       179.954   2.21491e+07              1000                     3            0.0001                      0.01           100                    0.7                0.05              1
          300        221334     134.064       -0.388201       195.16    2.21637e+07              1000                     1            0.0001                      0.01             0.01                 0.5                0.1               1
          300        221763     133.468       -0.390396       197.594   2.22066e+07              1000                     1            0.0001                      0.01           100                    0.5                0                 1
          300        222339     130.2         -0.39042        184.794   2.22642e+07              1000                     3            0.0001                      0.01            10                    0.3                0                 1
          300        222375     131.163       -0.390081       189.503   2.22678e+07              1000                     3            0.0001                      0.001            0.1                  0.3                0                 1
          300        222566     132.719       -0.392237       194.23    2.22869e+07              1000                     3            0.0001                      0.01           100                    0.3                0.1               1
          300        222706     136.175       -0.39627        187.142   2.23009e+07              1000                     3            0.0001                      0.01             1                    0.5                0                 1
          300        223187     136.252       -0.39195        197.734   2.2349e+07               1000                     1            0.0001                      0.001            0.01                 0.7                0                 1
          300        223367     129.896       -0.389566       194.176   2.2367e+07               1000                     3            0.0001                      0.01             1                    0.3                0.1               1
          300        223637     139.643       -0.387495       200.53    2.2394e+07               1000                     1            0.0001                      0.001           10                    0.3                0.05              1
          300        270041      60.9963      -0.368435        99.945   2.70343e+07               500                     1            0.001                       0.01             1                    0.3                0                 2
          300        595987      92.4988      -0.351908       195.575   5.9629e+07               1000                     3            0.001                       0.001            0.01                 0.5                0.1               2
          300        602251      93.9896      -0.346402       189.621   6.02554e+07              1000                     5            0.001                       0.01             0.1                  0.3                0.05              2
          300        604643      91.7961      -0.348305       199.76    6.04946e+07              1000                     1            0.001                       0.01           100                    0.7                0.05              2
          300        609876      89.0581      -0.348217       208.393   6.10179e+07              1000                     1            0.001                       0.01             1                    0.3                0.05              2
          300        610068      92.0138      -0.347566       193.315   6.10371e+07              1000                     3            0.001                       0.001            0.01                 0.3                0.05              2
          300        610940      90.2663      -0.347728       200.004   6.11243e+07              1000                     1            0.001                       0.01            10                    0.3                0                 2
          300        611096      96.2656      -0.351308       210.358   6.11399e+07              1000                     1            0.001                       0.01           100                    0.7                0                 2
          300        611940      92.6769      -0.348807       194.841   6.12243e+07              1000                     5            0.001                       0.001            1                    0.7                0.1               2
          300        612126      93.2063      -0.3456         188.379   6.12429e+07              1000                     3            0.001                       0.001            0.01                 0.5                0.05              2
          300        613860      96.5486      -0.346774       189.733   6.14163e+07              1000                     3            0.001                       0.001            0.01                 0.3                0                 2
          300        613929      94.6681      -0.347749       193.633   6.14232e+07              1000                     3            0.001                       0.001            0.01                 0.5                0                 2
          300        615822      91.6228      -0.345478       201.98    6.16125e+07              1000                     1            0.001                       0.01            10                    0.7                0.05              2
          300        615976      90.2077      -0.347913       205.206   6.16279e+07              1000                     1            0.001                       0.01            10                    0.3                0.05              2
          300        616310      90.7364      -0.345757       189.542   6.16613e+07              1000                     5            0.001                       0.01             0.01                 0.5                0                 2
          300        616319      92.6114      -0.346265       187.822   6.16622e+07              1000                     5            0.001                       0.01             0.01                 0.3                0.05              2
          300        616830      94.0649      -0.348545       187.214   6.17133e+07              1000                     5            0.001                       0.01            10                    0.3                0                 2
          300        617385      92.0044      -0.351974       201.895   6.17688e+07              1000                     1            0.001                       0.01           100                    0.5                0.1               2
          300        618515      93.2399      -0.351239       192.136   6.18818e+07              1000                     3            0.001                       0.001            0.01                 0.3                0.1               2
          300        618804      90.5407      -0.349935       184.793   6.19107e+07              1000                     5            0.001                       0.01             0.01                 0.5                0.1               2
          300        618871      95.1696      -0.347296       187.641   6.19174e+07              1000                     5            0.001                       0.01             0.01                 0.7                0                 2
          300        619023      90.2346      -0.349454       206.918   6.19326e+07              1000                     1            0.001                       0.01            10                    0.7                0.1               2
          300        619172      89.8691      -0.345732       204.756   6.19475e+07              1000                     1            0.001                       0.01            10                    0.5                0                 2
          300        620428      93.3766      -0.345248       185.28    6.20731e+07              1000                     5            0.001                       0.01           100                    0.7                0.05              2
          300        620583      91.3712      -0.346239       185.976   6.20886e+07              1000                     5            0.001                       0.01            10                    0.3                0.05              2
          300        620934      94.7054      -0.346329       189.738   6.21237e+07              1000                     5            0.001                       0.01             0.01                 0.3                0                 2
          300        621095      88.412       -0.348117       187.669   6.21398e+07              1000                     5            0.001                       0.01           100                    0.7                0.1               2
          300        622516      90.6402      -0.346846       185.495   6.22819e+07              1000                     5            0.001                       0.01             0.1                  0.5                0.05              2
          300        622729      89.469       -0.350662       205.489   6.23032e+07              1000                     1            0.001                       0.01            10                    0.7                0                 2
          300        624591      90.1242      -0.345116       188.576   6.24894e+07              1000                     5            0.001                       0.01             0.01                 0.7                0.1               2
          300        624780      94.4264      -0.351244       193.479   6.25083e+07              1000                     5            0.001                       0.001            1                    0.7                0.05              2
          300        625581      88.44        -0.347589       203.154   6.25884e+07              1000                     1            0.001                       0.01            10                    0.5                0.05              2
          300        626474      94.9656      -0.347098       185.669   6.26777e+07              1000                     5            0.001                       0.001            1                    0.7                0                 2
          300        626476      91.1983      -0.34513        190.185   6.26779e+07              1000                     5            0.001                       0.01             0.01                 0.5                0.05              2
          300        626708      92.2638      -0.34654        195.403   6.27011e+07              1000                     5            0.001                       0.01           100                    0.7                0                 2
          300        626890      91.0815      -0.347966       182.376   6.27193e+07              1000                     5            0.001                       0.01             0.1                  0.3                0.1               2
          300        627811      91.3234      -0.350706       201.71    6.28114e+07              1000                     1            0.001                       0.01            10                    0.3                0.1               2
          300        630606      89.8407      -0.347937       198.506   6.30909e+07              1000                     1            0.001                       0.01           100                    0.7                0.1               2
          300        630792      90.7754      -0.348658       183.257   6.31095e+07              1000                     5            0.001                       0.01             0.01                 0.7                0.05              2
          300        631452      91.0346      -0.350627       179.982   6.31755e+07              1000                     5            0.001                       0.01           100                    0.5                0.1               2
          300        631683      92.3919      -0.345578       180.722   6.31986e+07              1000                     5            0.001                       0.01             0.01                 0.3                0.1               2
          300        634401      90.6006      -0.349317       185.685   6.34704e+07              1000                     5            0.001                       0.01             0.1                  0.3                0                 2
          300        647593     112.025       -0.341941       190.052   6.47896e+07              1000                     3            0.001                       0.001            0.01                 0.5                0.1               1
          300        654551     117.221       -0.338702       182.245   6.54854e+07              1000                     3            0.001                       0.001            0.01                 0.3                0.1               1
          300        656737     120.461       -0.341679       183.595   6.5704e+07               1000                     3            0.001                       0.001            0.01                 0.5                0.05              1
          300        656939     118.891       -0.341243       185.408   6.57242e+07              1000                     3            0.001                       0.001            0.01                 0.3                0.05              1
          300        657477     116.002       -0.341122       187.144   6.5778e+07               1000                     5            0.001                       0.01             0.1                  0.3                0                 1
          300        659546     116.132       -0.349459       185.692   6.59849e+07              1000                     5            0.001                       0.01           100                    0.5                0.1               1
          300        660489     109.668       -0.337795       203.789   6.60792e+07              1000                     1            0.001                       0.01            10                    0.5                0.1               1
          300        660718     115.12        -0.336479       186.669   6.61021e+07              1000                     5            0.001                       0.01           100                    0.7                0.05              1
          300        661827     121.075       -0.339304       186.251   6.6213e+07               1000                     5            0.001                       0.01            10                    0.3                0                 1
          300        662000     115.971       -0.34108        197.708   6.62303e+07              1000                     1            0.001                       0.01            10                    0.3                0                 1
          300        662871     117.323       -0.340246       186.189   6.63174e+07              1000                     3            0.001                       0.001            0.01                 0.3                0                 1
          300        663896     119.981       -0.347343       182.373   6.64199e+07              1000                     3            0.001                       0.001            0.01                 0.7                0.05              1
          300        664145     109.558       -0.338241       196.464   6.64448e+07              1000                     1            0.001                       0.01            10                    0.3                0.1               1
          300        666443     117.348       -0.339809       199.974   6.66746e+07              1000                     1            0.001                       0.01             1                    0.3                0                 1
          300        667560     122.07        -0.341923       184.105   6.67863e+07              1000                     5            0.001                       0.001            1                    0.7                0                 1
          300        667649     112.702       -0.340172       184.99    6.67952e+07              1000                     5            0.001                       0.01             0.01                 0.7                0.05              1
          300        667681     112.93        -0.341583       182.853   6.67984e+07              1000                     5            0.001                       0.01             0.01                 0.5                0                 1
          300        668154     116.617       -0.338585       183.724   6.68457e+07              1000                     5            0.001                       0.01             0.01                 0.3                0.1               1
          300        668381     111.03        -0.340985       201.257   6.68684e+07              1000                     1            0.001                       0.01            10                    0.7                0.05              1
          300        669423     112.8         -0.342716       179.444   6.69726e+07              1000                     5            0.001                       0.01             0.01                 0.5                0.1               1
          300        669455     113.934       -0.342672       186.539   6.69758e+07              1000                     5            0.001                       0.01             0.1                  0.5                0.05              1
          300        669670     111.524       -0.340115       179.057   6.69973e+07              1000                     5            0.001                       0.01            10                    0.3                0.05              1
          300        670424     116.25        -0.344119       189.8     6.70727e+07              1000                     5            0.001                       0.01             0.01                 0.3                0.05              1
          300        670874     112.107       -0.339823       185.461   6.71177e+07              1000                     5            0.001                       0.01             0.1                  0.3                0.05              1
          300        670933     116.128       -0.340807       179.015   6.71236e+07              1000                     5            0.001                       0.01           100                    0.7                0.1               1
          300        671558     113.836       -0.342123       182.871   6.71861e+07              1000                     5            0.001                       0.01            10                    0.3                0.1               1
          300        671587     116.368       -0.337156       184.589   6.7189e+07               1000                     5            0.001                       0.01           100                    0.7                0                 1
          300        671686     113.82        -0.342021       185.718   6.71989e+07              1000                     5            0.001                       0.01             0.01                 0.7                0                 1
          300        672404     113.931       -0.341158       197.044   6.72707e+07              1000                     1            0.001                       0.01           100                    0.7                0.05              1
          300        673001     114.928       -0.340104       198.246   6.73304e+07              1000                     1            0.001                       0.01           100                    0.7                0.1               1
          300        673849     114.793       -0.344863       195.763   6.74152e+07              1000                     1            0.001                       0.01             1                    0.3                0.05              1
          300        673894     118.152       -0.339155       189.253   6.74197e+07              1000                     3            0.001                       0.001            0.01                 0.5                0                 1
          300        674468     113.758       -0.342328       198.111   6.74771e+07              1000                     1            0.001                       0.01            10                    0.5                0.05              1
          300        674847     114.711       -0.341653       184.373   6.7515e+07               1000                     5            0.001                       0.001            1                    0.7                0.1               1
          300        675685     112.908       -0.344792       180.338   6.75988e+07              1000                     5            0.001                       0.01             0.01                 0.7                0.1               1
          300        676227     118.005       -0.338705       180.557   6.7653e+07               1000                     5            0.001                       0.01             0.01                 0.3                0                 1
          300        676398     117.377       -0.342329       200.458   6.76701e+07              1000                     1            0.001                       0.01           100                    0.7                0                 1
          300        676836     121.158       -0.341413       195.336   6.77139e+07              1000                     1            0.001                       0.01            10                    0.5                0                 1
          300        676926     114.244       -0.338044       184.505   6.77229e+07              1000                     5            0.001                       0.01             0.01                 0.5                0.05              1
          300        679981     111.201       -0.342924       186.895   6.80284e+07              1000                     5            0.001                       0.01             0.1                  0.3                0.1               1
          300        684073     117.775       -0.34209        196.096   6.84376e+07              1000                     1            0.001                       0.01            10                    0.3                0.05              1
          300        685505     115.557       -0.33627        191.103   6.85808e+07              1000                     1            0.001                       0.01            10                    0.7                0                 1
