  numStat    runDownBat    travDur    battDiff    waitTime    numFinish    numNotFinish    numUsedStat    numStatsCust    notFinis    bestLoss    numStations    geneticNumGenerations    geneticNumBestSelection    geneticTournamentSelectionTreshold    geneticMutationTreshold
---------  ------------  ---------  ----------  ----------  -----------  --------------  -------------  --------------  ----------  ----------  -------------  -----------------------  -------------------------  ------------------------------------  -------------------------
      100          3750    101.079   -0.497449     8.30007        88827            2009             94           12814        5759      385008            100                       10                          0                                   0.9                     0.001
      100          3780    100.458   -0.497445    10.516          87694            1922             96           12556        5702      388010            100                       20                          0                                   0.9                     0.0001
      101          3732    100.519   -0.497452    10.8547         87812            2038             97           14146        5770      383310            100                       10                          0                                   0.7                     0.01
      101          3773    100.59    -0.497386    10.0077         88089            2031             96           12050        5804      387410            100                       10                          4                                   0.7                     0.001
      101          3787    100.94    -0.497414     5.23247        87966            1945             97           12164        5732      388805            100                       10                          4                                   0.7                     0.01
      102          3908    100.544   -0.497446    10.2046         88078            1994             97           11726        5902      401010            100                       20                          4                                   0.9                     0.0001
      102          3763    100.959   -0.497475    10.2587         88384            2027             96           10938        5790      386510            100                       20                          0                                   0.7                     0.0001
      103          3745    100.658   -0.497431    11.1387         88657            1993             98           11382        5738      384811            100                       10                          0                                   0.9                     0.01
      103          3691    100.292   -0.497454     9.35317        88499            2012             99           12482        5703      379409            100                       10                          4                                   0.9                     0.01
      103          3749    100.95    -0.497359     6.11542        88308            1946             98           11472        5695      385206            100                       10                          0                                   0.7                     0.001
      103          3788    100.546   -0.497401     5.01451        88370            2009             99           12344        5797      389105            100                       10                          0                                   0.7                     0.0001
      103          3764    100.43    -0.49738      9.46858        88384            2018            100           12114        5782      386709            100                       20                          0                                   0.9                     0.001
      103          3926    100.745   -0.497427    11.0876         88475            2008             98           12116        5934      402911            100                       20                          0                                   0.9                     0.01
      103          3784    100.363   -0.497412     7.06799        88641            1929            101           11028        5713      388707            100                       20                          4                                   0.7                     0.01
      107          3741    100.748   -0.497403     9.36534        87836            1996             99           12014        5737      384809            100                       10                          4                                   0.7                     0.0001
      115          3651    100.835   -0.497479     6.62603        88840            2032            108           12834        5683      376606            100                       10                          4                                   0.9                     0.001
      115          3707    100.265   -0.49748      5.49542        87804            1924            112           13320        5631      382205            100                       20                          4                                   0.7                     0.0001
      115          3744    101.049   -0.497419     8.49612        88515            1984            109           13944        5728      385908            100                       10                          0                                   0.9                     0.0001
      115          3769    100.566   -0.497524     3.47363        88081            1988            106           13918        5757      388403            100                       10                          4                                   0.9                     0.0001
      115          3868    100.333   -0.497426     3.37261        88506            1926            107           12300        5794      398303            100                       20                          4                                   0.7                     0.001
      115          3854    100.999   -0.497452     5.79085        88147            2040            112           14116        5894      396905            100                       20                          4                                   0.9                     0.001
      115          3830    100.427   -0.497383     8.92219        88071            2015            110           13378        5845      394509            100                       20                          0                                   0.7                     0.001
      115          3760    100.54    -0.497461     3.44065        88583            2017            112           14480        5777      387503            100                       20                          0                                   0.7                     0.01
      115          3751    100.608   -0.497405     3.30192        88538            1927            108           12666        5678      386603            100                       20                          4                                   0.9                     0.01
      274          3458    101.179   -0.49743      9.90521        88444            2070            238           17930        5528      373210            300                       20                          0                                   0.9                     0.0001
      295          3532    100.823   -0.497422    11.8291         88603            2116            257           19330        5648      382711            300                       20                          0                                   0.9                     0.001
      295          3481    101.032   -0.497515    11.344          88787            2096            259           21404        5577      377611            300                       10                          0                                   0.9                     0.01
      300          3422    101.374   -0.497429     9.32823        88972            2089            263           22278        5511      372209            300                       20                          4                                   0.9                     0.0001
      300          3491    101.398   -0.497379    10.3635         88321            2029            266           24062        5520      379110            300                       20                          4                                   0.7                     0.01
      300          3505    101.112   -0.497456     8.8374         87995            2106            261           20470        5611      380508            300                       20                          4                                   0.7                     0.0001
      300          3487    101.462   -0.497397    10.8039         88423            2132            269           21268        5619      378710            300                       20                          0                                   0.9                     0.01
      300          3434    101.538   -0.497452     8.88188        88598            2090            267           24708        5524      373408            300                       10                          0                                   0.7                     0.001
      300          3473    101.238   -0.497461    11.5139         89095            2103            263           21758        5576      377311            300                       10                          0                                   0.7                     0.01
      300          3427    100.896   -0.497436    10.4562         88310            2053            261           20384        5480      372710            300                       10                          4                                   0.7                     0.0001
      300          3457    101.189   -0.497425    11.1189         88456            2054            255           20018        5511      375711            300                       10                          4                                   0.9                     0.0001
      300          3456    100.826   -0.497455    10.8712         89172            2099            259           21254        5555      375610            300                       10                          4                                   0.9                     0.001
      300          3589    101.398   -0.4974       5.99695        88959            2124            262           22584        5713      388906            300                       20                          0                                   0.7                     0.0001
      300          3508    101.156   -0.497446    12.4332         88898            2111            259           22994        5619      380812            300                       20                          4                                   0.9                     0.01
      300          3457    101.458   -0.497449     8.35645        88935            2129            268           21986        5586      375708            300                       10                          0                                   0.7                     0.0001
      300          3439    101.564   -0.497381    11.5431         88608            2054            262           19698        5493      373911            300                       10                          4                                   0.9                     0.01
      300          3649    101.241   -0.497453    10.0949         88642            2159            263           21642        5808      394910            300                       20                          0                                   0.7                     0.01
      301          3662    101.234   -0.497525    10.1669         88806            2110            265           21072        5772      396310            300                       20                          0                                   0.7                     0.001
      302          3496    101.624   -0.497396    11.942          88176            2107            268           20156        5603      379812            300                       10                          4                                   0.7                     0.01
      302          3467    101.118   -0.497418     8.96208        88070            2112            267           22816        5579      376909            300                       10                          4                                   0.7                     0.001
      302          3413    101.37    -0.497443    10.538          87333            2059            255           21078        5472      371510            300                       10                          0                                   0.9                     0.0001
      302          3657    101.085   -0.497441    10.5622         88387            2122            264           19396        5779      395910            300                       20                          4                                   0.7                     0.001
      303          3512    101.034   -0.497425    10.6336         88221            2151            262           20414        5663      381510            300                       10                          0                                   0.9                     0.001
      315          3509    101.211   -0.497456    10.4224         89288            2215            267           20564        5724      382410            300                       20                          4                                   0.9                     0.001
      500          3228    101.811   -0.497363     8.65577        88440            2203            406           27558        5431      372808            500                       20                          4                                   0.9                     0.001
      500          3349    101.588   -0.49736     10.1012         88911            2189            400           23548        5538      384910            500                       20                          0                                   0.7                     0.001
      501          3173    101.69    -0.497374     9.66791        88779            2186            416           26868        5359      367409            500                       20                          0                                   0.9                     0.01
      501          3153    101.459   -0.497477     7.67205        89779            2183            394           28780        5336      365407            500                       10                          0                                   0.9                     0.01
      502          3144    102.188   -0.497373    10.4331         90347            2181            402           25208        5325      364610            500                       10                          0                                   0.7                     0.01
      502          3323    101.554   -0.497388    12.5844         89096            2219            411           26630        5542      382512            500                       20                          4                                   0.9                     0.01
      502          3155    101.736   -0.497527    10.329          89032            2112            397           23162        5267      365710            500                       10                          4                                   0.9                     0.001
      502          3059    102.13    -0.497428     9.10863        89224            2182            404           26764        5241      356109            500                       20                          4                                   0.7                     0.001
      503          3337    101.544   -0.497394    11.4031         89175            2186            402           25868        5523      384011            500                       20                          0                                   0.9                     0.001
      503          3150    101.882   -0.497469     9.49831        89810            2198            408           25194        5348      365309            500                       10                          0                                   0.9                     0.001
      503          3124    102.28    -0.497383     9.63509        88979            2187            399           26770        5311      362709            500                       10                          0                                   0.9                     0.0001
      503          3190    101.775   -0.49741     10.8195         88514            2165            394           26534        5355      369310            500                       20                          4                                   0.7                     0.0001
      503          3100    102.117   -0.497425     8.72064        88795            2233            405           26590        5333      360308            500                       10                          0                                   0.7                     0.001
      503          3171    101.818   -0.49742      8.33249        89094            2196            409           27670        5367      367408            500                       10                          0                                   0.7                     0.0001
      503          3063    101.673   -0.497351     9.57502        89556            2195            398           27748        5258      356609            500                       20                          0                                   0.9                     0.0001
      503          3231    101.417   -0.497409    10.655          89132            2177            408           23672        5408      373410            500                       20                          0                                   0.7                     0.0001
      507          3083    101.558   -0.497467     8.89347        88601            2176            400           27914        5259      359008            500                       10                          4                                   0.7                     0.001
      507          3106    101.553   -0.497444     7.96622        89234            2171            404           29308        5277      361308            500                       10                          4                                   0.7                     0.0001
      507          3154    101.963   -0.497422     4.18809        89363            2130            411           25144        5284      366104            500                       10                          4                                   0.9                     0.0001
      515          3223    101.701   -0.497392     8.09357        88740            2167            417           26938        5390      373808            500                       20                          4                                   0.7                     0.01
      515          3231    101.455   -0.497469     8.75649        89871            2195            417           25826        5426      374608            500                       20                          4                                   0.9                     0.0001
      515          3083    102.118   -0.49742      9.02577        88610            2125            416           25908        5208      359809            500                       10                          4                                   0.7                     0.01
      515          3147    102.201   -0.49743      9.3034         88944            2117            415           24762        5264      366209            500                       20                          0                                   0.7                     0.01
      515          3137    102.234   -0.497417     9.08882        89443            2148            416           24776        5285      365209            500                       10                          4                                   0.9                     0.01
      695          2891    102.333   -0.497417     7.48836        89148            2177            524           32870        5068      358607            700                       10                          4                                   0.7                     0.001
      695          3100    102.23    -0.497418     8.03058        89489            2300            534           33898        5400      379508            700                       20                          4                                   0.9                     0.0001
      695          2811    102.21    -0.497477     8.46304        89841            2173            503           29854        4984      350608            700                       20                          4                                   0.9                     0.001
      695          2892    102.52    -0.497497     8.6953         89657            2268            509           30470        5160      358708            700                       10                          4                                   0.9                     0.01
      695          2918    102.538   -0.497373     9.06977        89558            2250            518           35982        5168      361309            700                       20                          4                                   0.7                     0.0001
      695          2873    102.45    -0.497393     9.99314        90255            2211            521           28968        5084      356810            700                       10                          4                                   0.7                     0.0001
      700          3043    102.393   -0.49747      7.47431        89244            2159            536           29860        5202      374307            700                       20                          0                                   0.9                     0.01
      700          2884    101.962   -0.497412     8.94625        89834            2296            533           30708        5180      358409            700                       10                          0                                   0.9                     0.01
      700          2867    102.937   -0.497387     9.42632        89343            2300            532           34528        5167      356709            700                       10                          0                                   0.9                     0.001
      700          2897    102.042   -0.497433     9.83787        89484            2251            511           31024        5148      359709            700                       20                          0                                   0.7                     0.0001
      700          2910    101.787   -0.497448     9.44412        88635            2305            511           32570        5215      361009            700                       10                          4                                   0.9                     0.0001
      700          2851    102.342   -0.497418     7.84887        90047            2246            540           30740        5097      355107            700                       20                          0                                   0.9                     0.001
      701          2822    102.355   -0.497465     8.64523        89885            2165            507           31618        4987      352308            700                       20                          0                                   0.7                     0.001
      701          2913    102.576   -0.497356     7.31741        89209            2241            521           34570        5154      361407            700                       10                          4                                   0.7                     0.01
      701          2886    102.279   -0.497449     7.86307        89555            2240            513           32692        5126      358707            700                       10                          0                                   0.7                     0.001
      701          2869    102.128   -0.49742      8.94443        89310            2195            524           32890        5064      357009            700                       20                          4                                   0.9                     0.01
      702          3067    102.336   -0.497422     8.83667        89605            2240            536           31408        5307      376908            700                       20                          4                                   0.7                     0.001
      702          2856    102.768   -0.497458     8.70835        89715            2324            529           31942        5180      355808            700                       10                          4                                   0.9                     0.001
      703          3012    101.926   -0.497435     9.76789        89743            2242            518           33814        5254      371509            700                       20                          0                                   0.7                     0.01
      703          2897    102.378   -0.497432     8.83337        89557            2208            536           35346        5105      360008            700                       10                          0                                   0.7                     0.01
      703          2823    102.251   -0.497384     9.0205         89439            2260            529           31094        5083      352609            700                       20                          4                                   0.7                     0.01
      705          2896    102.058   -0.497461     7.46649        88924            2216            538           32384        5112      360107            700                       10                          0                                   0.9                     0.0001
      707          2934    102.127   -0.49734      9.07718        89309            2243            517           30686        5177      364109            700                       20                          0                                   0.9                     0.0001
      715          2909    102.248   -0.497433     8.2075         89066            2303            538           31524        5212      362408            700                       10                          0                                   0.7                     0.0001
      995          2529    103.154   -0.497401     4.60611        90311            2249            664           35270        4778      352404           1000                       20                          4                                   0.7                     0.0001
      995          2585    102.594   -0.497427     4.66843        89641            2296            648           37994        4881      358004           1000                       10                          0                                   0.9                     0.0001
      995          2549    102.821   -0.497433     4.90371        90451            2247            650           31718        4796      354405           1000                       10                          0                                   0.7                     0.01
      995          2560    102.768   -0.49745      3.40394        90068            2204            646           33160        4764      355503           1000                       10                          0                                   0.7                     0.001
     1000          2530    103.152   -0.497502     5.87259        89761            2282            636           35268        4812      353005           1000                       10                          0                                   0.9                     0.001
     1000          2509    103.555   -0.497386     5.00695        90184            2311            662           39278        4820      350905           1000                       10                          0                                   0.9                     0.01
     1000          2566    102.592   -0.4974       4.75579        89964            2269            659           33630        4835      356604           1000                       10                          4                                   0.9                     0.0001
     1000          2557    103.087   -0.497424     5.38451        90770            2270            666           34748        4827      355705           1000                       10                          4                                   0.9                     0.001
     1000          2738    102.854   -0.497389     3.79662        90087            2247            660           34566        4985      373803           1000                       20                          4                                   0.9                     0.01
     1001          2485    103.197   -0.49745      4.61707        89980            2329            663           35972        4814      348604           1000                       20                          4                                   0.9                     0.001
     1001          2684    103.147   -0.497357     4.97624        90647            2246            662           35134        4930      368505           1000                       20                          0                                   0.7                     0.01
     1001          2704    102.964   -0.497454     4.89804        89867            2142            644           34388        4846      370505           1000                       20                          0                                   0.7                     0.001
     1003          2588    103.197   -0.497408     4.56383        89938            2259            647           34708        4847      359104           1000                       10                          4                                   0.7                     0.001
     1003          2523    103.43    -0.497392     6.84249        90184            2260            675           34782        4783      352606           1000                       10                          4                                   0.9                     0.01
     1005          2645    103.02    -0.497441     5.37003        89645            2175            648           37954        4820      365005           1000                       20                          4                                   0.9                     0.0001
     1005          2512    102.915   -0.497388     7.44131        90160            2237            651           30396        4749      351707           1000                       20                          4                                   0.7                     0.01
     1005          2573    102.661   -0.497451     5.63284        90245            2302            668           34396        4875      357805           1000                       20                          0                                   0.9                     0.01
     1005          2557    102.554   -0.497456     4.71088        89826            2192            657           31738        4749      356204           1000                       10                          0                                   0.7                     0.0001
     1005          2505    102.902   -0.497428     5.8723         90134            2263            658           33574        4768      351005           1000                       20                          0                                   0.7                     0.0001
     1005          2497    102.991   -0.497401     4.77269        90306            2272            655           34186        4769      350204           1000                       10                          4                                   0.7                     0.01
     1005          2542    102.901   -0.497431     5.16562        90445            2338            664           34612        4880      354705           1000                       10                          4                                   0.7                     0.0001
     1005          2719    102.839   -0.49738      4.8092         89858            2331            665           38804        5050      372404           1000                       20                          0                                   0.9                     0.001
     1007          2528    102.58    -0.497479     6.45747        90407            2359            653           34404        4887      353506           1000                       20                          0                                   0.9                     0.0001
     1015          2607    102.728   -0.497399     5.25153        90085            2242            669           33172        4849      362205           1000                       20                          4                                   0.7                     0.001
     1974          1902    103.813   -0.497389     3.74863        91153            2301            980           41716        4203      387603           2000                       20                          0                                   0.7                     0.0001
     1995          1899    104.112   -0.497374     4.11359        91792            2406            966           44688        4305      389404           2000                       20                          0                                   0.7                     0.01
     1995          2049    103.834   -0.497344     4.58184        90885            2294            972           40356        4343      404404           2000                       20                          0                                   0.9                     0.0001
     1995          1889    104.25    -0.497519     4.61923        91132            2443            989           46170        4332      388404           2000                       10                          0                                   0.7                     0.001
     2000          1908    104.122   -0.497357     4.04866        91924            2427            991           48544        4335      390804           2000                       10                          4                                   0.9                     0.001
     2001          1901    104.5     -0.497433     4.53068        91633            2431            972           42050        4332      390204           2000                       10                          0                                   0.9                     0.0001
     2001          1885    104.019   -0.497456     5.10724        91284            2462            967           46120        4347      388605           2000                       10                          0                                   0.7                     0.01
     2001          1892    103.715   -0.497381     5.21655        90541            2395            952           46744        4287      389305           2000                       10                          0                                   0.9                     0.01
     2001          1858    104.375   -0.497413     5.05777        91272            2396            980           45796        4254      385905           2000                       10                          4                                   0.7                     0.001
     2001          1905    104.101   -0.497412     7.17545        91049            2406            985           49550        4311      390607           2000                       20                          4                                   0.9                     0.01
     2001          1869    104.48    -0.497467     4.99923        91235            2344            976           45778        4213      387005           2000                       10                          4                                   0.9                     0.0001
     2001          1884    104.514   -0.497462     4.8696         91160            2383            996           46150        4267      388504           2000                       10                          4                                   0.9                     0.01
     2001          1866    104.346   -0.497415     4.07063        91516            2323            980           45996        4189      386704           2000                       20                          0                                   0.7                     0.001
     2001          1879    103.604   -0.497424     6.52862        91329            2532            972           53310        4411      388006           2000                       20                          4                                   0.9                     0.0001
     2001          1927    104.399   -0.497482     6.12671        91550            2430            987           50334        4357      392806           2000                       20                          4                                   0.7                     0.01
     2001          1846    104.004   -0.49742      6.50014        90794            2469            991           51280        4315      384706           2000                       20                          4                                   0.7                     0.0001
     2001          1932    104.223   -0.497483     6.25605        91617            2483           1005           54268        4415      393306           2000                       20                          0                                   0.9                     0.01
     2001          1911    104.087   -0.49741      3.94749        91277            2365            992           46166        4276      391204           2000                       10                          4                                   0.7                     0.0001
     2002          1861    104.162   -0.497399     4.28998        91857            2458            977           45856        4319      386304           2000                       10                          0                                   0.9                     0.001
     2002          1901    104.387   -0.497363     4.66429        91259            2339           1011           40642        4240      390304           2000                       10                          4                                   0.7                     0.01
     2003          1931    104.289   -0.497384     5.01277        90734            2415            967           41162        4346      393405           2000                       10                          0                                   0.7                     0.0001
     2003          2055    103.778   -0.497361     7.43543        90640            2466           1017           46804        4521      405807           2000                       20                          4                                   0.7                     0.001
     2007          1946    104.109   -0.497448     5.93023        91276            2533           1029           50140        4479      395306           2000                       20                          4                                   0.9                     0.001
     2015          1957    104.093   -0.49743      5.39109        91145            2332           1030           46186        4289      397205           2000                       20                          0                                   0.9                     0.001
     3974          1343    105.459   -0.497492     4.64305        91958            2607           1336           65468        3950      531704           4000                       10                          0                                   0.9                     0.001
     3974          1441    105.021   -0.497467     5.1273         91167            2669           1349           61922        4110      541505           4000                       20                          0                                   0.7                     0.001
     3974          1339    105.079   -0.497452     6.35576        91529            2681           1351           61894        4020      531306           4000                       10                          0                                   0.7                     0.001
     3995          1312    105.295   -0.497475     4.79701        92063            2597           1283           57188        3909      530704           4000                       20                          4                                   0.7                     0.001
     3995          1295    104.857   -0.497368     5.05318        91267            2549           1340           66144        3844      529005           4000                       10                          4                                   0.9                     0.001
     3995          1329    105.084   -0.497421     6.10651        92113            2631           1370           62712        3960      532406           4000                       10                          4                                   0.7                     0.01
     4000          1307    105.432   -0.497363     5.30344        93104            2579           1318           63540        3886      530705           4000                       10                          0                                   0.7                     0.0001
     4000          1301    104.898   -0.497396     4.92906        91984            2674           1370           65248        3975      530105           4000                       10                          4                                   0.7                     0.0001
     4000          1313    105.103   -0.497438     5.24598        92159            2539           1318           62970        3852      531305           4000                       20                          0                                   0.9                     0.001
     4000          1303    104.565   -0.497438     5.9276         91840            2590           1310           60444        3893      530306           4000                       20                          4                                   0.7                     0.0001
     4000          1391    105.232   -0.497418     5.17887        91853            2632           1372           59510        4023      539105           4000                       20                          0                                   0.9                     0.0001
     4000          1308    105.093   -0.497417     5.12375        92157            2626           1368           60804        3934      530805           4000                       10                          4                                   0.9                     0.01
     4001          1290    105.302   -0.497405     5.87953        92317            2587           1316           60884        3877      529105           4000                       10                          4                                   0.9                     0.0001
     4001          1409    105.267   -0.49736      5.28531        91732            2626           1382           66266        4035      541005           4000                       20                          0                                   0.9                     0.01
     4001          1281    105.017   -0.497419     5.84332        91191            2574           1330           61552        3855      528205           4000                       20                          0                                   0.7                     0.01
     4001          1304    105.115   -0.497307     5.50378        92431            2602           1380           59224        3906      530505           4000                       20                          4                                   0.7                     0.01
     4003          1315    105.104   -0.497365     6.22966        92096            2630           1361           62286        3945      531806           4000                       10                          0                                   0.9                     0.0001
     4003          1328    104.809   -0.497351     5.57761        92512            2621           1374           60526        3949      533105           4000                       10                          0                                   0.7                     0.01
     4003          1285    105.214   -0.497364     5.1096         91732            2585           1338           64198        3870      528805           4000                       20                          0                                   0.7                     0.0001
     4003          1421    105.201   -0.49742      5.28883        92308            2549           1376           63212        3970      542405           4000                       20                          4                                   0.9                     0.0001
     4003          1324    105.099   -0.497365     5.17288        92124            2628           1326           60654        3952      532705           4000                       20                          4                                   0.9                     0.001
     4003          1283    105.201   -0.497369     5.76368        92900            2664           1336           69058        3947      528605           4000                       10                          4                                   0.7                     0.001
     4007          1262    105.176   -0.497367     4.20497        92116            2699           1373           68116        3961      526904           4000                       20                          4                                   0.9                     0.01
     4015          1285    105.025   -0.497415     4.97626        91859            2623           1298           61892        3908      530005           4000                       10                          0                                   0.9                     0.01